Voltage U1	Corriente IA
0,02	0,03
0,04	0,03
0,07	0,03
0,09	0,03
0,12	0,03
0,14	0,04
0,17	0,04
0,19	0,04
0,21	0,04
0,24	0,04
0,26	0,04
0,29	0,04
0,31	0,04
0,34	0,04
0,36	0,04
0,39	0,04
0,41	0,04
0,43	0,04
0,46	0,03
0,48	0,03
0,51	0,03
0,53	0,04
0,56	0,03
0,58	0,03
0,61	0,03
0,63	0,04
0,65	0,03
0,68	0,03
0,70	0,03
0,73	0,03
0,75	0,03
0,78	0,03
0,80	0,03
0,83	0,03
0,85	0,03
0,87	0,03
0,90	0,03
0,92	0,03
0,95	0,03
0,97	0,03
1,00	0,03
1,02	0,03
1,05	0,02
1,07	0,02
1,09	0,02
1,12	0,02
1,14	0,01
1,17	0,01
1,19	0,01
1,22	0,02
1,24	0,02
1,26	0,01
1,29	0,02
1,31	0,02
1,34	0,01
1,36	0,01
1,39	0,02
1,41	0,02
1,44	0,02
1,46	0,02
1,48	0,02
1,51	0,02
1,53	0,02
1,56	0,02
1,58	0,02
1,61	0,02
1,63	0,02
1,66	0,02
1,68	0,02
1,70	0,02
1,73	0,02
1,75	0,02
1,78	0,03
1,80	0,02
1,83	0,02
1,85	0,03
1,88	0,03
1,90	0,03
1,92	0,03
1,95	0,02
1,97	0,03
2,00	0,03
2,02	0,03
2,05	0,04
2,07	0,05
2,10	0,04
2,12	0,04
2,14	0,04
2,17	0,04
2,19	0,04
2,22	0,04
2,24	0,04
2,27	0,04
2,29	0,04
2,31	0,04
2,34	0,04
2,36	0,04
2,39	0,04
2,41	0,04
2,44	0,04
2,46	0,04
2,49	0,04
2,51	0,04
2,53	0,04
2,56	0,03
2,58	0,02
2,61	0,02
2,63	0,02
2,66	0,02
2,68	0,02
2,71	0,02
2,73	0,02
2,75	0,02
2,78	0,02
2,80	0,02
2,83	0,02
2,85	0,02
2,88	0,02
2,90	0,01
2,93	0,01
2,95	0,01
2,97	0,01
3,00	0,01
3,02	0,01
3,05	0,01
3,07	0,01
3,10	0,01
3,12	0,01
3,15	0,01
3,17	0,01
3,19	0,01
3,22	0,02
3,24	0,02
3,27	0,02
3,29	0,02
3,32	0,02
3,34	0,02
3,36	0,02
3,39	0,02
3,41	0,02
3,44	0,02
3,46	0,02
3,49	0,02
3,51	0,03
3,54	0,02
3,56	0,02
3,58	0,03
3,61	0,03
3,63	0,03
3,66	0,03
3,68	0,03
3,71	0,03
3,73	0,02
3,76	0,02
3,78	0,03
3,80	0,03
3,83	0,02
3,85	0,03
3,88	0,03
3,90	0,03
3,93	0,03
3,95	0,03
3,98	0,03
4,00	0,03
4,02	0,03
4,05	0,03
4,07	0,03
4,10	0,03
4,12	0,03
4,15	0,03
4,17	0,03
4,20	0,03
4,22	0,03
4,24	0,03
4,27	0,03
4,29	0,02
4,32	0,03
4,34	0,03
4,37	0,03
4,39	0,03
4,42	0,03
4,44	0,03
4,46	0,03
4,49	0,02
4,51	0,02
4,54	0,02
4,56	0,02
4,59	0,02
4,61	0,02
4,63	0,02
4,66	0,02
4,68	0,02
4,71	0,02
4,73	0,02
4,76	0,02
4,78	0,02
4,81	0,02
4,83	0,01
4,85	0,02
4,88	0,01
4,90	0,01
4,93	0,01
4,95	0,01
4,98	0,01
5,00	0,01
5,03	0,01
5,05	0,01
5,07	0,01
5,10	0,01
5,12	0,02
5,15	0,02
5,17	0,02
5,20	0,02
5,22	0,02
5,25	0,02
5,27	0,02
5,29	0,02
5,32	0,02
5,34	0,02
5,37	0,02
5,39	0,02
5,42	0,02
5,44	0,02
5,47	0,02
5,49	0,02
5,51	0,03
5,54	0,03
5,56	0,03
5,59	0,03
5,61	0,04
5,64	0,04
5,66	0,03
5,68	0,03
5,71	0,04
5,73	0,04
5,76	0,03
5,78	0,03
5,81	0,04
5,83	0,04
5,86	0,04
5,88	0,04
5,90	0,04
5,93	0,04
5,95	0,04
5,98	0,04
6,00	0,04
6,03	0,04
6,05	0,03
6,08	0,03
6,10	0,04
6,12	0,04
6,15	0,04
6,17	0,04
6,20	0,04
6,22	0,04
6,25	0,04
6,27	0,04
6,30	0,04
6,32	0,03
6,34	0,03
6,37	0,03
6,39	0,03
6,42	0,03
6,44	0,03
6,47	0,03
6,49	0,03
6,52	0,03
6,54	0,02
6,56	0,02
6,59	0,02
6,61	0,01
6,64	0,01
6,66	0,01
6,69	0,02
6,71	0,02
6,73	0,01
6,76	0,01
6,78	0,01
6,81	0,01
6,83	0,01
6,86	0,01
6,88	0,01
6,91	0,01
6,93	0,01
6,95	0,01
6,98	0,01
7,00	0,01
7,03	0,01
7,05	0,01
7,08	0,02
7,10	0,02
7,13	0,02
7,15	0,02
7,17	0,02
7,20	0,02
7,22	0,02
7,25	0,02
7,27	0,02
7,30	0,02
7,32	0,02
7,35	0,03
7,37	0,03
7,39	0,03
7,42	0,03
7,44	0,04
7,47	0,04
7,49	0,04
7,52	0,04
7,54	0,04
7,57	0,04
7,59	0,03
7,61	0,03
7,64	0,04
7,66	0,04
7,69	0,04
7,71	0,04
7,74	0,04
7,76	0,04
7,78	0,04
7,81	0,04
7,83	0,04
7,86	0,03
7,88	0,03
7,91	0,03
7,93	0,04
7,96	0,04
7,98	0,04
8,00	0,04
8,03	0,05
8,05	0,05
8,08	0,05
8,10	0,05
8,13	0,05
8,15	0,04
8,18	0,04
8,20	0,04
8,22	0,05
8,25	0,04
8,27	0,04
8,30	0,04
8,32	0,04
8,35	0,04
8,37	0,04
8,40	0,04
8,42	0,05
8,44	0,04
8,47	0,03
8,49	0,03
8,52	0,03
8,54	0,02
8,57	0,02
8,59	0,02
8,62	0,02
8,64	0,02
8,66	0,02
8,69	0,02
8,71	0,03
8,74	0,03
8,76	0,03
8,79	0,02
8,81	0,02
8,84	0,02
8,86	0,02
8,88	0,02
8,91	0,02
8,93	0,02
8,96	0,02
8,98	0,02
9,01	0,02
9,03	0,02
9,05	0,02
9,08	0,02
9,10	0,02
9,13	0,02
9,15	0,02
9,18	0,03
9,20	0,03
9,23	0,02
9,25	0,02
9,27	0,03
9,30	0,03
9,32	0,03
9,35	0,03
9,37	0,03
9,40	0,03
9,42	0,03
9,45	0,03
9,47	0,03
9,49	0,03
9,52	0,03
9,54	0,03
9,57	0,03
9,59	0,03
9,62	0,03
9,64	0,03
9,67	0,04
9,69	0,03
9,71	0,03
9,74	0,03
9,76	0,03
9,79	0,03
9,81	0,03
9,84	0,03
9,86	0,03
9,89	0,03
9,91	0,03
9,93	0,03
9,96	0,03
9,98	0,03
10,01	0,03
10,03	0,03
10,06	0,03
10,08	0,03
10,10	0,03
10,13	0,03
10,15	0,04
10,18	0,03
10,20	0,03
10,23	0,03
10,25	0,03
10,28	0,02
10,30	0,02
10,32	0,02
10,35	0,02
10,37	0,02
10,40	0,02
10,42	0,02
10,45	0,02
10,47	0,02
10,50	0,02
10,52	0,02
10,54	0,01
10,57	0,01
10,59	0,01
10,62	0,02
10,64	0,02
10,67	0,01
10,69	0,01
10,72	0,01
10,74	0,02
10,76	0,02
10,79	0,02
10,81	0,03
10,84	0,03
10,86	0,03
10,89	0,03
10,91	0,03
10,94	0,02
10,96	0,02
10,98	0,02
11,01	0,02
11,03	0,02
11,06	0,02
11,08	0,02
11,11	0,04
11,13	0,04
11,15	0,04
11,18	0,04
11,20	0,04
11,23	0,05
11,25	0,04
11,28	0,04
11,30	0,05
11,33	0,04
11,35	0,04
11,37	0,04
11,40	0,04
11,42	0,04
11,45	0,04
11,47	0,04
11,50	0,05
11,52	0,05
11,55	0,05
11,57	0,05
11,59	0,05
11,62	0,03
11,64	0,03
11,67	0,03
11,69	0,03
11,72	0,03
11,74	0,03
11,77	0,03
11,79	0,04
11,81	0,04
11,84	0,04
11,86	0,04
11,89	0,04
11,91	0,03
11,94	0,03
11,96	0,03
11,99	0,03
12,01	0,03
12,03	0,03
12,06	0,03
12,08	0,03
12,11	0,03
12,13	0,03
12,16	0,03
12,18	0,03
12,21	0,03
12,23	0,03
12,25	0,04
12,28	0,04
12,30	0,03
12,33	0,03
12,35	0,03
12,38	0,03
12,40	0,03
12,42	0,03
12,45	0,04
12,47	0,04
12,50	0,04
12,52	0,05
12,55	0,05
12,57	0,05
12,60	0,04
12,62	0,04
12,64	0,04
12,67	0,04
12,69	0,04
12,72	0,04
12,74	0,04
12,77	0,03
12,79	0,03
12,82	0,03
12,84	0,03
12,86	0,03
12,89	0,03
12,91	0,03
12,94	0,04
12,96	0,03
12,99	0,03
13,01	0,03
13,04	0,04
13,06	0,04
13,08	0,03
13,11	0,04
13,13	0,04
13,16	0,04
13,18	0,04
13,21	0,04
13,23	0,06
13,26	0,06
13,28	0,06
13,30	0,06
13,33	0,06
13,35	0,05
13,38	0,05
13,40	0,05
13,43	0,06
13,45	0,05
13,47	0,05
13,50	0,05
13,52	0,05
13,55	0,04
13,57	0,03
13,60	0,03
13,62	0,04
13,65	0,03
13,67	0,03
13,69	0,04
13,72	0,04
13,74	0,02
13,77	0,02
13,79	0,03
13,82	0,02
13,84	0,02
13,87	0,03
13,89	0,03
13,91	0,03
13,94	0,03
13,96	0,03
13,99	0,03
14,01	0,03
14,04	0,03
14,06	0,03
14,09	0,03
14,11	0,03
14,13	0,03
14,16	0,03
14,18	0,03
14,21	0,03
14,23	0,03
14,26	0,04
14,28	0,05
14,31	0,04
14,33	0,04
14,35	0,04
14,38	0,05
14,40	0,04
14,43	0,04
14,45	0,04
14,48	0,05
14,50	0,05
14,52	0,05
14,55	0,05
14,57	0,06
14,60	0,06
14,62	0,06
14,65	0,06
14,67	0,06
14,70	0,05
14,72	0,05
14,74	0,06
14,77	0,06
14,79	0,06
14,82	0,06
14,84	0,06
14,87	0,08
14,89	0,07
14,92	0,07
14,94	0,07
14,96	0,08
14,99	0,07
15,01	0,07
15,04	0,08
15,06	0,08
15,09	0,07
15,11	0,07
15,14	0,07
15,16	0,08
15,18	0,08
15,21	0,07
15,23	0,08
15,26	0,08
15,28	0,06
15,31	0,06
15,33	0,06
15,36	0,07
15,38	0,06
15,40	0,06
15,43	0,06
15,45	0,06
15,48	0,05
15,50	0,05
15,53	0,06
15,55	0,06
15,57	0,06
15,60	0,06
15,62	0,06
15,65	0,06
15,67	0,05
15,70	0,06
15,72	0,06
15,75	0,06
15,77	0,05
15,79	0,05
15,82	0,06
15,84	0,06
15,87	0,05
15,89	0,05
15,92	0,05
15,94	0,05
15,97	0,05
15,99	0,05
16,01	0,06
16,04	0,06
16,06	0,06
16,09	0,06
16,11	0,07
16,14	0,06
16,16	0,06
16,19	0,07
16,21	0,08
16,23	0,07
16,26	0,07
16,28	0,07
16,31	0,07
16,33	0,07
16,36	0,07
16,38	0,07
16,41	0,07
16,43	0,07
16,45	0,07
16,48	0,07
16,50	0,08
16,53	0,06
16,55	0,06
16,58	0,06
16,60	0,07
16,63	0,06
16,65	0,06
16,67	0,06
16,70	0,08
16,72	0,07
16,75	0,07
16,77	0,07
16,80	0,09
16,82	0,08
16,84	0,08
16,87	0,08
16,89	0,08
16,92	0,08
16,94	0,08
16,97	0,08
16,99	0,09
17,02	0,08
17,04	0,08
17,06	0,08
17,09	0,08
17,11	0,08
17,14	0,08
17,16	0,08
17,19	0,09
17,21	0,06
17,24	0,06
17,26	0,07
17,28	0,07
17,31	0,06
17,33	0,06
17,36	0,06
17,38	0,07
17,41	0,06
17,43	0,06
17,46	0,07
17,48	0,06
17,50	0,06
17,53	0,06
17,55	0,07
17,58	0,06
17,60	0,06
17,63	0,06
17,65	0,07
17,68	0,07
17,70	0,06
17,72	0,06
17,75	0,06
17,77	0,05
17,80	0,05
17,82	0,05
17,85	0,05
17,87	0,05
17,89	0,04
17,92	0,06
17,94	0,06
17,97	0,05
17,99	0,05
18,02	0,05
18,04	0,05
18,07	0,04
18,09	0,04
18,11	0,04
18,14	0,04
18,16	0,03
18,19	0,03
18,21	0,03
18,24	0,04
18,26	0,03
18,29	0,03
18,31	0,04
18,33	0,04
18,36	0,04
18,38	0,04
18,41	0,04
18,43	0,03
18,46	0,03
18,48	0,03
18,51	0,03
18,53	0,03
18,55	0,03
18,58	0,03
18,60	0,03
18,63	0,04
18,65	0,03
18,68	0,03
18,70	0,03
18,73	0,03
18,75	0,03
18,77	0,03
18,80	0,03
18,82	0,03
18,85	0,02
18,87	0,02
18,90	0,03
18,92	0,02
18,94	0,02
18,97	0,02
18,99	0,02
19,02	0,02
19,04	0,02
19,07	0,02
19,09	0,02
19,12	0,02
19,14	0,01
19,16	0,01
19,19	0,01
19,21	0,01
19,24	0,01
19,26	0,01
19,29	0,01
19,31	0,01
19,34	0,01
19,36	0,01
19,38	0,01
19,41	0,01
19,43	0,01
19,46	0,01
19,48	0,01
19,51	0,01
19,53	0,01
19,56	0,01
19,58	0,01
19,60	0,01
19,63	0,01
19,65	0,01
19,68	0,01
19,70	0,01
19,73	0,01
19,75	0,01
19,78	0,01
19,80	0,01
19,82	0,01
19,85	0,01
19,87	0,01
19,90	0,01
19,92	0,01
19,95	0,01
19,97	0,01
19,99	0,01
20,02	0,01
20,04	0,01
20,07	0,01
20,09	0,01
20,12	0,01
20,14	0,01
20,17	0,01
20,19	0,01
20,21	0,01
20,24	0,01
20,26	0,01
20,29	0,01
20,31	0,01
20,34	0,01
20,36	0,01
20,39	0,01
20,41	0,01
20,43	0,01
20,46	0,01
20,48	0,01
20,51	0,01
20,53	0,01
20,56	0,01
20,58	0,01
20,61	0,01
20,63	0,01
20,65	0,01
20,68	0,01
20,70	0,01
20,73	0,01
20,75	0,01
20,78	0,01
20,80	0,01
20,83	0,01
20,85	0,01
20,87	0,01
20,90	0,01
20,92	0,01
20,95	0,01
20,97	0,01
21,00	0,01
21,02	0,01
21,05	0,01
21,07	0,01
21,09	0,01
21,12	0,01
21,14	0,01
21,17	0,01
21,19	0,01
21,22	0,01
21,24	0,01
21,26	0,01
21,29	0,01
21,31	0,01
21,34	0,01
21,36	0,01
21,39	0,01
21,41	0,01
21,44	0,01
21,46	0,01
21,48	0,01
21,51	0,01
21,53	0,01
21,56	0,01
21,58	0,01
21,61	0,01
21,63	0,01
21,66	0,01
21,68	0,01
21,70	0,01
21,73	0,01
21,75	0,01
21,78	0,01
21,80	0,01
21,83	0,01
21,85	0,01
21,88	0,01
21,90	0,01
21,92	0,01
21,95	0,01
21,97	0,01
22,00	0,01
22,02	0,01
22,05	0,01
22,07	0,01
22,10	0,01
22,12	0,01
22,14	0,01
22,17	0,01
22,19	0,01
22,22	0,01
22,24	0,01
22,27	0,01
22,29	0,01
22,31	0,01
22,34	0,01
22,36	0,01
22,39	0,01
22,41	0,01
22,44	0,01
22,46	0,01
22,49	0,01
22,51	0,01
22,53	0,01
22,56	0,01
22,58	0,01
22,61	0,01
22,63	0,01
22,66	0,01
22,68	0,01
22,71	0,01
22,73	0,01
22,75	0,01
22,78	0,01
22,80	0,01
22,83	0,01
22,85	0,01
22,88	0,01
22,90	0,01
22,93	0,01
22,95	0,01
22,97	0,01
23,00	0,01
23,02	0,01
23,05	0,01
23,07	0,01
23,10	0,01
23,12	0,01
23,15	0,01
23,17	0,01
23,19	0,01
23,22	0,01
23,24	0,01
23,27	0,01
23,29	0,01
23,32	0,01
23,34	0,01
23,36	0,01
23,39	0,01
23,41	0,01
23,44	0,02
23,46	0,02
23,49	0,02
23,51	0,04
23,54	0,05
23,56	0,05
23,58	0,07
23,61	0,10
23,63	0,13
23,66	0,16
23,68	0,17
23,71	0,22
23,73	0,27
23,76	0,30
23,78	0,35
23,80	0,41
23,83	0,47
23,85	0,52
23,88	0,58
23,90	0,66
23,93	0,73
23,95	0,80
23,98	0,89
24,00	0,99
24,02	1,08
24,05	1,18
24,07	1,28
24,10	1,41
24,12	1,51
24,15	1,60
24,17	1,70
24,20	1,82
24,22	1,92
24,24	2,03
24,27	2,15
24,29	2,26
24,32	2,37
24,34	2,47
24,37	2,58
24,39	2,70
24,42	2,81
24,44	2,90
24,46	3,01
24,49	3,12
24,51	3,21
24,54	3,30
24,56	3,39
24,59	3,49
24,61	3,57
24,63	3,65
24,66	3,75
24,68	3,84
24,71	3,91
24,73	3,99
24,76	4,06
24,78	4,14
24,81	4,19
24,83	4,26
24,85	4,34
24,88	4,41
24,90	4,46
24,93	4,52
24,95	4,60
24,98	4,68
25,00	4,73
25,03	4,77
25,05	4,85
25,07	4,91
25,10	4,96
25,12	5,01
25,15	5,06
25,17	5,12
25,20	5,16
25,22	5,24
25,25	5,30
25,27	5,38
25,29	5,44
25,32	5,51
25,34	5,58
25,37	5,64
25,39	5,70
25,42	5,76
25,44	5,85
25,47	5,89
25,49	5,94
25,51	6,00
25,54	6,07
25,56	6,12
25,59	6,18
25,61	6,25
25,64	6,33
25,66	6,39
25,68	6,45
25,71	6,51
25,73	6,58
25,76	6,62
25,78	6,66
25,81	6,71
25,83	6,78
25,86	6,84
25,88	6,90
25,90	6,99
25,93	7,10
25,95	7,18
25,98	7,27
26,00	7,36
26,03	7,47
26,05	7,57
26,08	7,68
26,10	7,79
26,12	7,90
26,15	8,00
26,17	8,10
26,20	8,22
26,22	8,35
26,25	8,47
26,27	8,59
26,30	8,72
26,32	8,85
26,34	8,96
26,37	9,08
26,39	9,21
26,42	9,31
26,44	9,40
26,47	9,48
26,49	9,59
26,52	9,69
26,54	9,77
26,56	9,84
26,59	9,93
26,61	10,03
26,64	10,11
26,66	10,19
26,69	10,28
26,71	10,36
26,73	10,41
26,76	10,47
26,78	10,55
26,81	10,62
26,83	10,68
26,86	10,75
26,88	10,83
26,91	10,88
26,93	10,94
26,95	11,02
26,98	11,09
27,00	11,14
27,03	11,20
27,05	11,28
27,08	11,35
27,10	11,39
27,13	11,44
27,15	11,51
27,17	11,58
27,20	11,63
27,22	11,70
27,25	11,78
27,27	11,84
27,30	11,90
27,32	11,97
27,35	12,06
27,37	12,13
27,39	12,18
27,42	12,24
27,44	12,32
27,47	12,38
27,49	12,44
27,52	12,52
27,54	12,59
27,57	12,66
27,59	12,75
27,61	12,84
27,64	12,94
27,66	13,02
27,69	13,10
27,71	13,20
27,74	13,28
27,76	13,35
27,78	13,43
27,81	13,53
27,83	13,61
27,86	13,69
27,88	13,77
27,91	13,86
27,93	13,95
27,96	14,03
27,98	14,11
28,00	14,20
28,03	14,29
28,05	14,36
28,08	14,41
28,10	14,47
28,13	14,55
28,15	14,60
28,18	14,65
28,20	14,71
28,22	14,76
28,25	14,81
28,27	14,87
28,30	14,94
28,32	14,99
28,35	15,03
28,37	15,08
28,40	15,13
28,42	15,19
28,44	15,23
28,47	15,30
28,49	15,35
28,52	15,41
28,54	15,45
28,57	15,50
28,59	15,58
28,62	15,64
28,64	15,69
28,66	15,74
28,69	15,81
28,71	15,85
28,74	15,89
28,76	15,95
28,79	16,02
28,81	16,07
28,84	16,11
28,86	16,16
28,88	16,22
28,91	16,26
28,93	16,31
28,96	16,37
28,98	16,43
29,01	16,48
29,03	16,51
29,05	16,57
29,08	16,64
29,10	16,68
29,13	16,71
29,15	16,76
29,18	16,81
29,20	16,85
29,23	16,89
29,25	16,94
29,27	17,00
29,30	17,04
29,32	17,08
29,35	17,13
29,37	17,18
29,40	17,22
29,42	17,27
29,45	17,32
29,47	17,37
29,49	17,40
29,52	17,44
29,54	17,49
29,57	17,55
29,59	17,58
29,62	17,63
29,64	17,69
29,67	17,75
29,69	17,78
29,71	17,82
29,74	17,88
29,76	17,95
29,79	17,99
29,81	18,04
29,84	18,09
29,86	18,16
29,89	18,20
29,91	18,25
29,93	18,30
29,96	18,34
29,98	18,37
30,01	18,41
30,03	18,47
30,06	18,52
30,08	18,56
30,10	18,60
30,13	18,65
30,15	18,70
30,18	18,73
30,20	18,78
30,23	18,84
30,25	18,89
30,28	18,93
30,30	18,98
30,32	19,03
30,35	19,07
30,37	19,09
30,40	19,15
30,42	19,22
30,45	19,27
30,47	19,32
30,50	19,38
30,52	19,46
30,54	19,52
30,57	19,57
30,59	19,64
30,62	19,69
30,64	19,74
30,67	19,76
30,69	19,82
30,72	19,89
30,74	19,94
30,76	19,99
30,79	20,03
30,81	20,09
30,84	20,14
30,86	20,19
30,89	20,26
30,91	20,32
30,94	20,35
30,96	20,40
30,98	20,47
31,01	20,53
31,03	20,56
31,06	20,61
31,08	20,67
31,11	20,72
31,13	20,77
31,15	20,82
31,18	20,89
31,20	20,97
31,23	21,02
31,25	21,08
31,28	21,15
31,30	21,21
31,33	21,27
31,35	21,33
31,37	21,40
31,40	21,47
31,42	21,52
31,45	21,59
31,47	21,65
31,50	21,72
31,52	21,79
31,55	21,85
31,57	21,92
31,59	21,99
31,62	22,04
31,64	22,10
31,67	22,18
31,69	22,26
31,72	22,30
31,74	22,36
31,77	22,42
31,79	22,48
31,81	22,52
31,84	22,57
31,86	22,65
31,89	22,70
31,91	22,75
31,94	22,81
31,96	22,87
31,99	22,93
32,01	22,98
32,03	23,02
32,06	23,09
32,08	23,13
32,11	23,17
32,13	23,23
32,16	23,29
32,18	23,34
32,20	23,38
32,23	23,44
32,25	23,50
32,28	23,56
32,30	23,60
32,33	23,67
32,35	23,75
32,38	23,81
32,40	23,88
32,42	23,96
32,45	24,04
32,47	24,12
32,50	24,20
32,52	24,28
32,55	24,38
32,57	24,45
32,60	24,53
32,62	24,63
32,64	24,73
32,67	24,82
32,69	24,91
32,72	25,02
32,74	25,09
32,77	25,16
32,79	25,25
32,82	25,35
32,84	25,45
32,86	25,52
32,89	25,59
32,91	25,67
32,94	25,75
32,96	25,82
32,99	25,88
33,01	25,96
33,04	26,02
33,06	26,07
33,08	26,12
33,11	26,18
33,13	26,23
33,16	26,26
33,18	26,30
33,21	26,34
33,23	26,38
33,26	26,41
33,28	26,46
33,30	26,49
33,33	26,54
33,35	26,56
33,38	26,58
33,40	26,62
33,43	26,66
33,45	26,67
33,47	26,71
33,50	26,75
33,52	26,79
33,55	26,81
33,57	26,83
33,60	26,88
33,62	26,92
33,65	26,95
33,67	26,98
33,69	27,00
33,72	27,01
33,74	27,00
33,77	27,02
33,79	27,02
33,82	27,02
33,84	26,99
33,87	26,97
33,89	26,94
33,91	26,90
33,94	26,86
33,96	26,81
33,99	26,78
34,01	26,72
34,04	26,65
34,06	26,60
34,09	26,52
34,11	26,45
34,13	26,37
34,16	26,28
34,18	26,20
34,21	26,10
34,23	26,00
34,26	25,93
34,28	25,86
34,31	25,78
34,33	25,68
34,35	25,60
34,38	25,51
34,40	25,42
34,43	25,31
34,45	25,22
34,48	25,11
34,50	24,97
34,52	24,83
34,55	24,70
34,57	24,57
34,60	24,44
34,62	24,28
34,65	24,13
34,67	23,98
34,70	23,80
34,72	23,61
34,74	23,46
34,77	23,29
34,79	23,11
34,82	22,91
34,84	22,73
34,87	22,54
34,89	22,32
34,92	22,08
34,94	21,87
34,96	21,57
34,99	21,29
35,01	20,81
35,04	20,43
35,06	20,22
35,09	20,02
35,11	19,87
35,14	19,77
35,16	19,64
35,18	19,47
35,21	19,33
35,23	19,23
35,26	19,09
35,28	18,95
35,31	18,83
35,33	18,57
35,36	18,27
35,38	17,94
35,40	17,63
35,43	17,35
35,45	17,06
35,48	16,83
35,50	16,55
35,53	16,49
35,55	16,32
35,57	15,99
35,60	15,61
35,62	15,18
35,65	14,73
35,67	14,26
35,70	13,82
35,72	13,41
35,75	12,93
35,77	12,45
35,79	11,99
35,82	11,50
35,84	11,16
35,87	10,85
35,89	10,57
35,92	10,34
35,94	10,08
35,97	9,81
35,99	9,54
36,01	9,32
36,04	9,09
36,06	8,87
36,09	8,66
36,11	8,48
36,14	8,29
36,16	8,10
36,19	7,94
36,21	7,80
36,23	7,64
36,26	7,50
36,28	7,39
36,31	7,28
36,33	7,15
36,36	7,03
36,38	6,92
36,41	6,82
36,43	6,69
36,45	6,57
36,48	6,47
36,50	6,39
36,53	6,28
36,55	6,17
36,58	6,09
36,60	6,01
36,62	5,90
36,65	5,80
36,67	5,71
36,70	5,63
36,72	5,52
36,75	5,42
36,77	5,34
36,80	5,26
36,82	5,16
36,84	5,07
36,87	5,00
36,89	4,93
36,92	4,83
36,94	4,75
36,97	4,69
36,99	4,62
37,02	4,53
37,04	4,47
37,06	4,43
37,09	4,36
37,11	4,26
37,14	4,19
37,16	4,15
37,19	4,10
37,21	4,04
37,24	3,99
37,26	3,97
37,28	3,94
37,31	3,89
37,33	3,85
37,36	3,84
37,38	3,81
37,41	3,76
37,43	3,73
37,46	3,72
37,48	3,68
37,50	3,64
37,53	3,63
37,55	3,61
37,58	3,58
37,60	3,54
37,63	3,53
37,65	3,54
37,68	3,51
37,70	3,48
37,72	3,48
37,75	3,48
37,77	3,46
37,80	3,44
37,82	3,44
37,85	3,45
37,87	3,42
37,89	3,41
37,92	3,41
37,94	3,42
37,97	3,41
37,99	3,42
38,02	3,44
38,04	3,45
38,07	3,44
38,09	3,44
38,11	3,46
38,14	3,49
38,16	3,49
38,19	3,49
38,21	3,52
38,24	3,53
38,26	3,53
38,29	3,53
38,31	3,56
38,33	3,58
38,36	3,58
38,38	3,59
38,41	3,62
38,43	3,65
38,46	3,65
38,48	3,67
38,51	3,71
38,53	3,74
38,55	3,74
38,58	3,76
38,60	3,80
38,63	3,83
38,65	3,83
38,68	3,85
38,70	3,88
38,73	3,92
38,75	3,93
38,77	3,96
38,80	4,02
38,82	4,05
38,85	4,06
38,87	4,09
38,90	4,13
38,92	4,16
38,94	4,18
38,97	4,22
38,99	4,27
39,02	4,31
39,04	4,33
39,07	4,39
39,09	4,45
39,12	4,49
39,14	4,51
39,16	4,57
39,19	4,63
39,21	4,68
39,24	4,71
39,26	4,77
39,29	4,83
39,31	4,87
39,34	4,91
39,36	4,97
39,38	5,04
39,41	5,09
39,43	5,14
39,46	5,22
39,48	5,29
39,51	5,34
39,53	5,38
39,56	5,44
39,58	5,52
39,60	5,57
39,63	5,62
39,65	5,71
39,68	5,80
39,70	5,85
39,73	5,92
39,75	6,02
39,78	6,11
39,80	6,17
39,82	6,24
39,85	6,33
39,87	6,42
39,90	6,48
39,92	6,55
39,95	6,66
39,97	6,75
39,99	6,83
40,02	6,92
40,04	7,03
40,07	7,14
40,09	7,21
40,12	7,30
40,14	7,42
40,17	7,53
40,19	7,62
40,21	7,74
40,24	7,88
40,26	8,01
40,29	8,12
40,31	8,26
40,34	8,44
40,36	8,60
40,39	8,75
40,41	8,92
40,43	9,12
40,46	9,30
40,48	9,47
40,51	9,67
40,53	9,91
40,56	10,12
40,58	10,34
40,61	10,60
40,63	10,89
40,65	11,17
40,68	11,45
40,70	11,76
40,73	12,08
40,75	12,37
40,78	12,66
40,80	12,99
40,83	13,30
40,85	13,59
40,87	13,88
40,90	14,27
40,92	14,69
40,95	15,10
40,97	15,51
41,00	15,94
41,02	16,37
41,05	16,79
41,07	17,19
41,09	17,61
41,12	18,05
41,14	18,42
41,17	18,83
41,19	19,26
41,22	19,69
41,24	20,08
41,26	20,53
41,29	21,02
41,31	21,48
41,34	21,95
41,36	22,43
41,39	22,90
41,41	23,31
41,44	23,69
41,46	24,07
41,48	24,46
41,51	24,86
41,53	25,24
41,56	25,61
41,58	26,05
41,61	26,44
41,63	26,80
41,66	27,22
41,68	27,64
41,70	28,01
41,73	28,36
41,75	28,74
41,78	29,09
41,80	29,40
41,83	29,71
41,85	30,03
41,88	30,36
41,90	30,67
41,92	30,93
41,95	31,23
41,97	31,56
42,00	31,87
42,02	32,14
42,05	32,45
42,07	32,78
42,10	33,07
42,12	33,37
42,14	33,69
42,17	34,02
42,19	34,32
42,22	34,62
42,24	34,96
42,27	35,31
42,29	35,65
42,31	36,00
42,34	36,38
42,36	36,76
42,39	37,11
42,41	37,50
42,44	37,91
42,46	38,35
42,49	38,74
42,51	39,13
42,53	39,58
42,56	40,00
42,58	40,42
42,61	40,84
42,63	41,30
42,66	41,77
42,68	42,22
42,71	42,64
42,73	43,10
42,75	43,57
42,78	44,02
42,80	44,48
42,83	44,96
42,85	45,40
42,88	45,85
42,90	46,27
42,93	46,68
42,95	47,07
42,97	47,41
43,00	47,75
43,02	48,07
43,05	48,36
43,07	48,63
43,10	48,87
43,12	49,09
43,15	49,27
43,17	49,42
43,19	49,56
43,22	49,70
43,24	49,81
43,27	49,89
43,29	49,96
43,32	49,99
43,34	49,99
43,36	49,99
43,39	49,99
43,41	49,99
43,44	49,99
43,46	49,99
43,49	49,99
43,51	49,99
43,54	49,99
43,56	49,99
43,58	49,99
43,61	49,99
43,63	49,99
43,66	49,99
43,68	49,99
43,71	49,99
43,73	49,99
43,76	49,99
43,78	49,99
43,80	49,99
43,83	49,99
43,85	49,99
43,88	49,99
43,90	49,99
43,93	49,99
43,95	49,99
43,98	49,99
44,00	49,99
44,02	49,99
44,05	49,99
44,07	49,99
44,10	49,99
44,12	49,99
44,15	49,99
44,17	49,99
44,20	49,99
44,22	49,99
44,24	49,99
44,27	49,99
44,29	49,99
44,32	49,99
44,34	49,99
44,37	49,99
44,39	49,99
44,41	49,99
44,44	49,99
44,46	49,99
44,49	49,99
44,51	49,99
44,54	49,99
44,56	49,99
44,59	49,99
44,61	49,99
44,63	49,99
44,66	49,99
44,68	49,99
44,71	49,99
44,73	49,99
44,76	49,99
44,78	49,99
44,81	49,99
44,83	49,99
44,85	49,99
44,88	49,99
44,90	49,99
44,93	49,99
44,95	49,99
44,98	49,99
45,00	49,99
45,03	49,99
45,05	49,99
45,07	49,99
45,10	49,99
45,12	49,99
45,15	49,99
45,17	49,99
45,20	49,99
45,22	49,99
45,25	49,99
45,27	49,99
45,29	49,99
45,32	49,99
45,34	49,99
45,37	49,99
45,39	49,99
45,42	49,99
45,44	49,99
45,47	49,99
45,49	49,99
45,51	49,99
45,54	49,99
45,56	49,99
45,59	49,99
45,61	49,99
45,64	49,99
45,66	49,99
45,68	49,99
45,71	49,99
45,73	49,99
45,76	49,99
45,78	49,99
45,81	49,99
45,83	49,99
45,86	49,99
45,88	49,99
45,90	49,99
45,93	49,99
45,95	49,99
45,98	49,99
46,00	49,99
46,03	49,99
46,05	49,99
46,08	49,99
46,10	49,99
46,12	49,99
46,15	49,99
46,17	49,99
46,20	49,99
46,22	49,99
46,25	49,99
46,27	49,99
46,30	49,99
46,32	49,99
46,34	49,99
46,37	49,99
46,39	49,99
46,42	49,99
46,44	49,99
46,47	49,99
46,49	49,99
46,52	49,99
46,54	49,99
46,56	49,99
46,59	49,99
46,61	49,99
46,64	49,99
46,66	49,99
46,69	49,99
46,71	49,99
46,73	49,99
46,76	49,99
46,78	49,99
46,81	49,99
46,83	49,99
46,86	49,99
46,88	49,99
46,91	49,99
46,93	49,99
46,95	49,99
46,98	49,99
47,00	49,99
47,03	49,99
47,05	49,99
47,08	49,99
47,10	49,99
47,13	49,99
47,15	49,99
47,17	49,99
47,20	49,99
47,22	49,99
47,25	49,99
47,27	49,99
47,30	49,99
47,32	49,99
47,35	49,99
47,37	49,99
47,39	49,99
47,42	49,99
47,44	49,99
47,47	49,99
47,49	49,99
47,52	49,99
47,54	49,99
47,57	49,99
47,59	49,99
47,61	49,99
47,64	49,99
47,66	49,99
47,69	49,99
47,71	49,99
47,74	49,99
47,76	49,99
47,78	49,99
47,81	49,99
47,83	49,99
47,86	49,99
47,88	49,99
47,91	49,99
47,93	49,99
47,96	49,99
47,98	49,99
48,00	49,99
48,03	49,99
48,05	49,99
48,08	49,99
48,10	49,99
48,13	49,99
48,15	49,99
48,18	49,99
48,20	49,99
48,22	49,99
48,25	49,99
48,27	49,99
48,30	49,99
48,32	49,99
48,35	49,99
48,37	49,99
48,40	49,99
48,42	49,99
48,44	49,99
48,47	49,99
48,49	49,99
48,52	49,99
48,54	49,99
48,57	49,99
48,59	49,99
48,62	49,99
48,64	49,99
48,66	49,99
48,69	49,99
48,71	49,99
48,74	49,99
48,76	49,99
48,79	49,99
48,81	49,99
48,84	49,99
48,86	49,99
48,88	49,99
48,91	49,99
48,93	49,99
48,96	49,99
48,98	49,99
49,01	49,99
49,03	49,99
49,05	49,99
49,08	49,99
49,10	49,99
49,13	49,99
49,15	49,99
49,18	49,99
49,20	49,99
49,23	49,99
49,25	49,99
49,27	49,99
49,30	49,99
49,32	49,99
49,35	49,99
49,37	49,99
49,40	49,99
49,42	49,99
49,45	49,99
49,47	49,99
49,49	49,99
49,52	49,99
49,54	49,99
49,57	49,99
49,59	49,99
49,62	49,99
49,64	49,99
49,67	49,99
49,69	49,99
49,71	49,99
49,74	49,99
49,76	49,99
49,79	49,99
49,81	49,99
49,84	49,99
49,86	49,99
49,89	49,99
49,91	49,99
49,93	49,99
49,96	49,99
49,98	49,99
50,01	49,99
50,03	49,99
50,06	49,99
50,08	49,99
50,10	49,99
50,13	49,99
50,15	49,99
50,18	49,99
50,20	49,99
50,23	49,99
50,25	49,99
50,28	49,99
50,30	49,99
50,32	49,99
50,35	49,99
50,37	49,99
50,40	49,99
50,42	49,99
50,45	49,99
50,47	49,99
50,50	49,99
50,52	49,99
50,54	49,99
50,57	49,99
50,59	49,99
50,62	49,99
50,64	49,99
50,67	49,99
50,69	49,99
50,72	49,99
50,74	49,99
50,76	49,99
50,79	49,99
50,81	49,99
50,84	49,99
50,86	49,99
50,89	49,99
50,91	49,99
50,94	49,99
50,96	49,99
50,98	49,99
51,01	49,99
51,03	49,99
51,06	49,99
51,08	49,99
51,11	49,99
51,13	49,99
51,15	49,99
51,18	49,99
51,20	49,99
51,23	49,99
51,25	49,99
51,28	49,99
51,30	49,99
51,33	49,99
51,35	49,99
51,37	49,99
51,40	49,99
51,42	49,99
51,45	49,99
51,47	49,99
51,50	49,99
51,52	49,99
51,55	49,99
51,57	49,99
51,59	49,99
51,62	49,99
51,64	49,99
51,67	49,99
51,69	49,99
51,72	49,99
51,74	49,99
51,77	49,99
51,79	49,99
51,81	49,99
51,84	49,99
51,86	49,99
51,89	49,99
51,91	49,99
51,94	49,99
51,96	49,99
51,99	49,99
52,01	49,99
52,03	49,99
52,06	49,99
52,08	49,99
52,11	49,99
52,13	49,99
52,16	49,99
52,18	49,99
52,20	49,99
52,23	49,99
52,25	49,99
52,28	49,99
52,30	49,99
52,33	49,99
52,35	49,99
52,38	49,99
52,40	49,99
52,42	49,99
52,45	49,99
52,47	49,99
52,50	49,99
52,52	49,99
52,55	49,99
52,57	49,99
52,60	49,99
52,62	49,99
52,64	49,99
52,67	49,99
52,69	49,99
52,72	49,99
52,74	49,99
52,77	49,99
52,79	49,99
52,82	49,99
52,84	49,99
52,86	49,99
52,89	49,99
52,91	49,99
52,94	49,99
52,96	49,99
52,99	49,99
53,01	49,99
53,04	49,99
53,06	49,99
53,08	49,99
53,11	49,99
53,13	49,99
53,16	49,99
53,18	49,99
53,21	49,99
53,23	49,99
53,26	49,99
53,28	49,99
53,30	49,99
53,33	49,99
53,35	49,99
53,38	49,99
53,40	49,99
53,43	49,99
53,45	49,99
53,47	49,99
53,50	49,99
53,52	49,99
53,55	49,99
53,57	49,99
53,60	49,99
53,62	49,99
53,65	49,99
53,67	49,99
53,69	49,99
53,72	49,99
53,74	49,99
53,77	49,99
53,79	49,99
53,82	49,99
53,84	49,99
53,87	49,99
53,89	49,99
53,91	49,99
53,94	49,99
53,96	49,99
53,99	49,99
54,01	49,99
54,04	49,99
54,06	49,99
54,09	49,99
54,11	49,99
54,13	49,99
54,16	49,99
54,18	49,99
54,21	49,99
54,23	49,99
54,26	49,99
54,28	49,99
54,31	49,99
54,33	49,99
54,35	49,99
54,38	49,99
54,40	49,99
54,43	49,99
54,45	49,99
54,48	49,99
54,50	49,99
54,52	49,99
54,55	49,99
54,57	49,99
54,60	49,99
54,62	49,99
54,65	49,99
54,67	49,99
54,70	49,99
54,72	49,99
54,74	49,99
54,77	49,99
54,79	49,99
54,82	49,99
54,84	49,99
54,87	49,99
54,89	49,99
54,92	49,99
54,94	49,99
54,96	49,99
54,99	49,99
55,01	49,99
55,04	49,99
55,06	49,99
55,09	49,99
55,11	49,99
55,14	49,99
55,16	49,99
55,18	49,99
55,21	49,99
55,23	49,99
55,26	49,99
55,28	49,99
55,31	49,99
55,33	49,99
55,36	49,99
55,38	49,99
55,40	49,99
55,43	49,99
55,45	49,99
55,48	49,99
55,50	49,99
55,53	49,99
55,55	49,99
55,57	49,99
55,60	49,99
55,62	49,99
55,65	49,99
55,67	49,99
55,70	49,99
55,72	49,99
55,75	49,99
55,77	49,99
55,79	49,99
55,82	49,99
55,84	49,99
55,87	49,99
55,89	49,99
55,92	49,99
55,94	49,99
55,97	49,99
55,99	49,99
56,01	49,99
56,04	49,99
56,06	49,99
56,09	49,99
56,11	49,99
56,14	49,99
56,16	49,99
56,19	49,99
56,21	49,99
56,23	49,99
56,26	49,99
56,28	49,99
56,31	49,99
56,33	49,99
56,36	49,99
56,38	49,99
56,41	49,99
56,43	49,99
56,45	49,99
56,48	49,99
56,50	49,99
56,53	49,99
56,55	49,99
56,58	49,99
56,60	49,99
56,62	49,99
56,65	49,99
56,67	49,99
56,70	49,99
56,72	49,99
56,75	49,99
56,77	49,99
56,80	49,99
56,82	49,99
56,84	49,99
56,87	49,99
56,89	49,99
56,92	49,99
56,94	49,99
56,97	49,99
56,99	49,99
57,02	49,99
57,04	49,99
57,06	49,99
57,09	49,99
57,11	49,99
57,14	49,99
57,16	49,99
57,19	49,99
57,21	49,99
57,24	49,99
57,26	49,99
57,28	49,99
57,31	49,99
57,33	49,99
57,36	49,99
57,38	49,99
57,41	49,99
57,43	49,99
57,46	49,99
57,48	49,99
57,50	49,99
57,53	49,99
57,55	49,99
57,58	49,99
57,60	49,99
57,63	49,99
57,65	49,99
57,68	49,99
57,70	49,99
57,72	49,99
57,75	49,99
57,77	49,99
57,80	49,99
57,82	49,99
57,85	49,99
57,87	49,99
57,89	49,99
57,92	49,99
57,94	49,99
57,97	49,99
57,99	49,99
58,02	49,99
58,04	49,99
58,07	49,99
58,09	49,99
58,11	49,99
58,14	49,99
58,16	49,99
58,19	49,99
58,21	49,99
58,24	49,99
58,26	49,99
58,29	49,99
58,31	49,99
58,33	49,99
58,36	49,99
58,38	49,99
58,41	49,99
58,43	49,99
58,46	49,99
58,48	49,99
58,51	49,99
58,53	49,99
58,55	49,99
58,58	49,99
58,60	49,99
58,63	49,99
58,65	49,99
58,68	49,99
58,70	49,99
58,73	49,99
58,75	49,99
58,77	49,99
58,80	49,99
58,82	49,99
58,85	49,99
58,87	49,99
58,90	49,99
58,92	49,99
58,94	49,99
58,97	49,99
58,99	49,99
59,02	49,99
59,04	49,99
59,07	49,99
59,09	49,99
59,12	49,99
59,14	49,99
59,16	49,99
59,19	49,99
59,21	49,99
59,24	49,99
59,26	49,99
59,29	49,99
59,31	49,99
59,34	49,99
59,36	49,99
59,38	49,99
59,41	49,99
59,43	49,99
59,46	49,99
59,48	49,99
59,51	49,99
59,53	49,99
59,56	49,99
59,58	49,99
59,60	49,99
59,63	49,99
59,65	49,99
59,68	49,99
59,70	49,99
59,73	49,99
59,75	49,99
59,78	49,99
59,80	49,99
59,82	49,99
59,85	49,99
59,87	49,99
59,90	49,99
59,92	49,99
59,95	49,99
59,97	49,99
59,99	49,99
60,02	49,99
60,04	49,99
60,07	49,99
60,09	49,99
60,12	49,99
60,14	49,99
60,17	49,99
60,19	49,99
60,21	49,99
60,24	49,99
60,26	49,99
60,29	49,99
60,31	49,99
60,34	49,99
60,36	49,99
60,39	49,99
60,41	49,99
60,43	49,99
60,46	49,99
60,48	49,99
60,51	49,99
60,53	49,99
60,56	49,99
60,58	49,99
60,61	49,99
60,63	49,99
60,65	49,99
60,68	49,99
60,70	49,99
60,73	49,99
60,75	49,99
60,78	49,99
60,80	49,99
60,83	49,99
60,85	49,99
60,87	49,99
60,90	49,99
60,92	49,99
60,95	49,99
60,97	49,99
61,00	49,99
61,02	49,99
61,05	49,99
61,07	49,99
61,09	49,99
61,12	49,99
61,14	49,99
61,17	49,99
61,19	49,99
61,22	49,99
61,24	49,99
61,26	49,99
61,29	49,99
61,31	49,99
61,34	49,99
61,36	49,99
61,39	49,99
61,41	49,99
61,44	49,99
61,46	49,99
61,48	49,99
61,51	49,99
61,53	49,99
61,56	49,99
61,58	49,99
61,61	49,99
61,63	49,99
61,66	49,99
61,68	49,99
61,70	49,99
61,73	49,99
61,75	49,99
61,78	49,99
61,80	49,99
61,83	49,99
61,85	49,99
61,88	49,99
61,90	49,99
61,92	49,99
61,95	49,99
61,97	49,99
62,00	49,99
62,02	49,99
62,05	49,99
62,07	49,99
62,10	49,99
62,12	49,99
62,14	49,99
62,17	49,99
62,19	49,99
62,22	49,99
62,24	49,99
62,27	49,99
62,29	49,99
62,31	49,99
62,34	49,99
62,36	49,99
62,39	49,99
62,41	49,99
62,44	49,99
62,46	49,99
62,49	49,99
62,51	49,99
62,53	49,99
62,56	49,99
62,58	49,99
62,61	49,99
62,63	49,99
62,66	49,99
62,68	49,99
62,71	49,99
62,73	49,99
62,75	49,99
62,78	49,99
62,80	49,99
62,83	49,99
62,85	49,99
62,88	49,99
62,90	49,99
62,93	49,99
62,95	49,99
62,97	49,99
63,00	49,99
63,02	49,99
63,05	49,99
63,07	49,99
63,10	49,99
63,12	49,99
63,15	49,99
63,17	49,99
63,19	49,99
63,22	49,99
63,24	49,99
63,27	49,99
63,29	49,99
63,32	49,99
63,34	49,99
63,36	49,99
63,39	49,99
63,41	49,99
63,44	49,99
63,46	49,99
63,49	49,99
63,51	49,99
63,54	49,99
63,56	49,99
63,58	49,99
63,61	49,99
63,63	49,99
63,66	49,99
63,68	49,99
63,71	49,99
63,73	49,99
63,76	49,99
63,78	49,99
63,80	49,99
63,83	49,99
63,85	49,99
63,88	49,99
63,90	49,99
63,93	49,99
63,95	49,99
63,98	49,99
64,00	49,99
64,02	49,99
64,05	49,99
64,07	49,99
64,10	49,99
64,12	49,99
64,15	49,99
64,17	49,99
64,20	49,99
64,22	49,99
64,24	49,99
64,27	49,99
64,29	49,99
64,32	49,99
64,34	49,99
64,37	49,99
64,39	49,99
64,41	49,99
64,44	49,99
64,46	49,99
64,49	49,99
64,51	49,99
64,54	49,99
64,56	49,99
64,59	49,99
64,61	49,99
64,63	49,99
64,66	49,99
64,68	49,99
64,71	49,99
64,73	49,99
64,76	49,99
64,78	49,99
64,81	49,99
64,83	49,99
64,85	49,99
64,88	49,99
64,90	49,99
64,93	49,99
64,95	49,99
64,98	49,99
65,00	49,99
65,03	49,99
65,05	49,99
65,07	49,99
65,10	49,99
65,12	49,99
65,15	49,99
65,17	49,99
65,20	49,99
65,22	49,99
65,25	49,99
65,27	49,99
65,29	49,99
65,32	49,99
65,34	49,99
65,37	49,99
65,39	49,99
65,42	49,99
65,44	49,99
65,47	49,99
65,49	49,99
65,51	49,99
65,54	49,99
65,56	49,99
65,59	49,99
65,61	49,99
65,64	49,99
65,66	49,99
65,68	49,99
65,71	49,99
65,73	49,99
65,76	49,99
65,78	49,99
65,81	49,99
65,83	49,99
65,86	49,99
65,88	49,99
65,90	49,99
65,93	49,99
65,95	49,99
65,98	49,99
66,00	49,99
66,03	49,99
66,05	49,99
66,08	49,99
66,10	49,99
66,12	49,99
66,15	49,99
66,17	49,99
66,20	49,99
66,22	49,99
66,25	49,99
66,27	49,99
66,30	49,99
66,32	49,99
66,34	49,99
66,37	49,99
66,39	49,99
66,42	49,99
66,44	49,99
66,47	49,99
66,49	49,99
66,52	49,99
66,54	49,99
66,56	49,99
66,59	49,99
66,61	49,99
66,64	49,99
66,66	49,99
66,69	49,99
66,71	49,99
66,73	49,99
66,76	49,99
66,78	49,99
66,81	49,99
66,83	49,99
66,86	49,99
66,88	49,99
66,91	49,99
66,93	49,99
66,95	49,99
66,98	49,99
67,00	49,99
67,03	49,99
67,05	49,99
67,08	49,99
67,10	49,99
67,13	49,99
67,15	49,99
67,17	49,99
67,20	49,99
67,22	49,99
67,25	49,99
67,27	49,99
67,30	49,99
67,32	49,99
67,35	49,99
67,37	49,99
67,39	49,99
67,42	49,99
67,44	49,99
67,47	49,99
67,49	49,99
67,52	49,99
67,54	49,99
67,57	49,99
67,59	49,99
67,61	49,99
67,64	49,99
67,66	49,99
67,69	49,99
67,71	49,99
67,74	49,99
67,76	49,99
67,78	49,99
67,81	49,99
67,83	49,99
67,86	49,99
67,88	49,99
67,91	49,99
67,93	49,99
67,96	49,99
67,98	49,99
68,00	49,99
68,03	49,99
68,05	49,99
68,08	49,99
68,10	49,99
68,13	49,99
68,15	49,99
68,18	49,99
68,20	49,99
68,22	49,99
68,25	49,99
68,27	49,99
68,30	49,99
68,32	49,99
68,35	49,99
68,37	49,99
68,40	49,99
68,42	49,99
68,44	49,99
68,47	49,99
68,49	49,99
68,52	49,99
68,54	49,99
68,57	49,99
68,59	49,99
68,62	49,99
68,64	49,99
68,66	49,99
68,69	49,99
68,71	49,99
68,74	49,99
68,76	49,99
68,79	49,99
68,81	49,99
68,83	49,99
68,86	49,99
68,88	49,99
68,91	49,99
68,93	49,99
68,96	49,99
68,98	49,99
69,01	49,99
69,03	49,99
69,05	49,99
69,08	49,99
69,10	49,99
69,13	49,99
69,15	49,99
69,18	49,99
69,20	49,99
69,23	49,99
69,25	49,99
69,27	49,99
69,30	49,99
69,32	49,99
69,35	49,99
69,37	49,99
69,40	49,99
69,42	49,99
69,45	49,99
69,47	49,99
69,49	49,99
69,52	49,99
69,54	49,99
69,57	49,99
69,59	49,99
69,62	49,99
69,64	49,99
69,67	49,99
69,69	49,99
69,71	49,99
69,74	49,99
69,76	49,99
69,79	49,99
69,81	49,99
69,84	49,99
69,86	49,99
69,89	49,99
69,91	49,99
69,93	49,99
69,96	49,99
69,98	49,99
70,01	49,99
70,03	49,99
70,06	49,99
70,08	49,99
70,10	49,99
70,13	49,99
70,15	49,99
70,18	49,99
70,20	49,99
70,23	49,99
70,25	49,99
70,28	49,99
70,30	49,99
70,32	49,99
70,35	49,99
70,37	49,99
70,40	49,99
70,42	49,99
70,45	49,99
70,47	49,99
70,50	49,99
70,52	49,99
70,54	49,99
70,57	49,99
70,59	49,99
70,62	49,99
70,64	49,99
70,67	49,99
70,69	49,99
70,72	49,99
70,74	49,99
70,76	49,99
70,79	49,99
70,81	49,99
70,84	49,99
70,86	49,99
70,89	49,99
70,91	49,99
70,94	49,99
70,96	49,99
70,98	49,99
71,01	49,99
71,03	49,99
71,06	49,99
71,08	49,99
71,11	49,99
71,13	49,99
71,15	49,99
71,18	49,99
71,20	49,99
71,23	49,99
71,25	49,99
71,28	49,99
71,30	49,99
71,33	49,99
71,35	49,99
71,37	49,99
71,40	49,99
71,42	49,99
71,45	49,99
71,47	49,99
71,50	49,99
71,52	49,99
71,55	49,99
71,57	49,99
71,59	49,99
71,62	49,99
71,64	49,99
71,67	49,99
71,69	49,99
71,72	49,99
71,74	49,99
71,77	49,99
71,79	49,99
71,81	49,99
71,84	49,99
71,86	49,99
71,89	49,99
71,91	49,99
71,94	49,99
71,96	49,99
71,99	49,99
72,01	49,99
72,03	49,99
72,06	49,99
72,08	49,99
72,11	49,99
72,13	49,99
72,16	49,99
72,18	49,99
72,20	49,99
72,23	49,99
72,25	49,99
72,28	49,99
72,30	49,99
72,33	49,99
72,35	49,99
72,38	49,99
72,40	49,99
72,42	49,99
72,45	49,99
72,47	49,99
72,50	49,99
72,52	49,99
72,55	49,99
72,57	49,99
72,60	49,99
72,62	49,99
72,64	49,99
72,67	49,99
72,69	49,99
72,72	49,99
72,74	49,99
72,77	49,99
72,79	49,99
72,82	49,99
72,84	49,99
72,86	49,99
72,89	49,99
72,91	49,99
72,94	49,99
72,96	49,99
72,99	49,99
73,01	49,99
73,04	49,99
73,06	49,99
73,08	49,99
73,11	49,99
73,13	49,99
73,16	49,99
73,18	49,99
73,21	49,99
73,23	49,99
73,25	49,99
73,28	49,99
73,30	49,99
73,33	49,99
73,35	49,99
73,38	49,99
73,40	49,99
73,43	49,99
73,45	49,99
73,47	49,99
73,50	49,99
73,52	49,99
73,55	49,99
73,57	49,99
73,60	49,99
73,62	49,99
73,65	49,99
73,67	49,99
73,69	49,99
73,72	49,99
73,74	49,99
73,77	49,99
73,79	49,99
73,82	49,99
73,84	49,99
73,87	49,99
73,89	49,99
73,91	49,99
73,94	49,99
73,96	49,99
73,99	49,99
74,01	49,99
74,04	49,99
74,06	49,99
74,09	49,99
74,11	49,99
74,13	49,99
74,16	49,99
74,18	49,99
74,21	49,99
74,23	49,99
74,26	49,99
74,28	49,99
74,31	49,99
74,33	49,99
74,35	49,99
74,38	49,99
74,40	49,99
74,43	49,99
74,45	49,99
74,48	49,99
74,50	49,99
74,52	49,99
74,55	49,99
74,57	49,99
74,60	49,99
74,62	49,99
74,65	49,99
74,67	49,99
74,70	49,99
74,72	49,99
74,74	49,99
74,77	49,99
74,79	49,99
74,82	49,99
74,84	49,99
74,87	49,99
74,89	49,99
74,92	49,99
74,94	49,99
74,96	49,99
74,99	49,99
75,01	49,99
75,04	49,99
75,06	49,99
75,09	49,99
75,11	49,99
75,14	49,99
75,16	49,99
75,18	49,99
75,21	49,99
75,23	49,99
75,26	49,99
75,28	49,99
75,31	49,99
75,33	49,99
75,36	49,99
75,38	49,99
75,40	49,99
75,43	49,99
75,45	49,99
75,48	49,99
75,50	49,99
75,53	49,99
75,55	49,99
75,57	49,99
75,60	49,99
75,62	49,99
75,65	49,99
75,67	49,99
75,70	49,99
75,72	49,99
75,75	49,99
75,77	49,99
75,79	49,99
75,82	49,99
75,84	49,99
75,87	49,99
75,89	49,99
75,92	49,99
75,94	49,99
75,97	49,99
75,99	49,99
76,01	49,99
76,04	49,99
76,06	49,99
76,09	49,99
76,11	49,99
76,14	49,99
76,16	49,99
76,19	49,99
76,21	49,99
76,23	49,99
76,26	49,99
76,28	49,99
76,31	49,99
76,33	49,99
76,36	49,99
76,38	49,99
76,41	49,99
76,43	49,99
76,45	49,99
76,48	49,99
76,50	49,99
76,53	49,99
76,55	49,99
76,58	49,99
76,60	49,99
76,62	49,99
76,65	49,99
76,67	49,99
76,70	49,99
76,72	49,99
76,75	49,99
76,77	49,99
76,80	49,99
76,82	49,99
76,84	49,99
76,87	49,99
76,89	49,99
76,92	49,99
76,94	49,99
76,97	49,99
76,99	49,99
77,02	49,99
77,04	49,99
77,06	49,99
77,09	49,99
77,11	49,99
77,14	49,99
77,16	49,99
77,19	49,99
77,21	49,99
77,24	49,99
