Voltage U1	Corriente IA
0,02	0,04
0,04	0,05
0,07	0,05
0,09	0,05
0,12	0,05
0,14	0,06
0,17	0,06
0,19	0,06
0,21	0,06
0,24	0,07
0,26	0,07
0,29	0,07
0,31	0,07
0,34	0,08
0,36	0,07
0,39	0,07
0,41	0,07
0,43	0,07
0,46	0,07
0,48	0,07
0,51	0,07
0,53	0,08
0,56	0,06
0,58	0,06
0,61	0,06
0,63	0,07
0,65	0,06
0,68	0,06
0,70	0,06
0,73	0,07
0,75	0,06
0,78	0,06
0,80	0,06
0,83	0,06
0,85	0,05
0,87	0,05
0,90	0,05
0,92	0,06
0,95	0,05
0,97	0,05
1,00	0,05
1,02	0,06
1,05	0,05
1,07	0,05
1,09	0,06
1,12	0,06
1,14	0,05
1,17	0,05
1,19	0,06
1,22	0,06
1,24	0,05
1,26	0,05
1,29	0,05
1,31	0,05
1,34	0,04
1,36	0,04
1,39	0,05
1,41	0,05
1,44	0,05
1,46	0,05
1,48	0,05
1,51	0,05
1,53	0,04
1,56	0,04
1,58	0,04
1,61	0,04
1,63	0,03
1,66	0,03
1,68	0,04
1,70	0,03
1,73	0,03
1,75	0,03
1,78	0,03
1,80	0,03
1,83	0,03
1,85	0,03
1,88	0,05
1,90	0,05
1,92	0,05
1,95	0,05
1,97	0,06
2,00	0,05
2,02	0,05
2,05	0,05
2,07	0,06
2,10	0,06
2,12	0,06
2,14	0,06
2,17	0,07
2,19	0,07
2,22	0,07
2,24	0,07
2,27	0,08
2,29	0,07
2,31	0,07
2,34	0,08
2,36	0,09
2,39	0,09
2,41	0,09
2,44	0,09
2,46	0,09
2,49	0,07
2,51	0,07
2,53	0,07
2,56	0,08
2,58	0,07
2,61	0,07
2,63	0,07
2,66	0,08
2,68	0,07
2,71	0,07
2,73	0,07
2,75	0,07
2,78	0,06
2,80	0,06
2,83	0,07
2,85	0,08
2,88	0,07
2,90	0,07
2,93	0,07
2,95	0,07
2,97	0,06
3,00	0,05
3,02	0,06
3,05	0,06
3,07	0,06
3,10	0,06
3,12	0,06
3,15	0,06
3,17	0,06
3,19	0,06
3,22	0,06
3,24	0,06
3,27	0,05
3,29	0,05
3,32	0,05
3,34	0,05
3,36	0,05
3,39	0,05
3,41	0,06
3,44	0,06
3,46	0,05
3,49	0,05
3,51	0,05
3,54	0,05
3,56	0,05
3,58	0,05
3,61	0,07
3,63	0,06
3,66	0,05
3,68	0,05
3,71	0,05
3,73	0,05
3,76	0,05
3,78	0,05
3,80	0,07
3,83	0,06
3,85	0,06
3,88	0,06
3,90	0,07
3,93	0,06
3,95	0,06
3,98	0,06
4,00	0,07
4,02	0,07
4,05	0,07
4,07	0,07
4,10	0,07
4,12	0,07
4,15	0,07
4,17	0,07
4,20	0,07
4,22	0,06
4,24	0,06
4,27	0,06
4,29	0,07
4,32	0,07
4,34	0,07
4,37	0,07
4,39	0,08
4,42	0,06
4,44	0,06
4,46	0,07
4,49	0,07
4,51	0,06
4,54	0,06
4,56	0,06
4,59	0,07
4,61	0,06
4,63	0,06
4,66	0,06
4,68	0,06
4,71	0,05
4,73	0,05
4,76	0,06
4,78	0,06
4,81	0,06
4,83	0,06
4,85	0,06
4,88	0,06
4,90	0,05
4,93	0,04
4,95	0,05
4,98	0,05
5,00	0,04
5,03	0,05
5,05	0,05
5,07	0,05
5,10	0,05
5,12	0,05
5,15	0,06
5,17	0,06
5,20	0,05
5,22	0,05
5,25	0,06
5,27	0,05
5,29	0,05
5,32	0,05
5,34	0,06
5,37	0,05
5,39	0,04
5,42	0,04
5,44	0,05
5,47	0,05
5,49	0,05
5,51	0,05
5,54	0,07
5,56	0,06
5,59	0,06
5,61	0,06
5,64	0,06
5,66	0,06
5,68	0,06
5,71	0,06
5,73	0,07
5,76	0,07
5,78	0,07
5,81	0,07
5,83	0,07
5,86	0,07
5,88	0,07
5,90	0,07
5,93	0,08
5,95	0,08
5,98	0,08
6,00	0,08
6,03	0,08
6,05	0,08
6,08	0,08
6,10	0,08
6,12	0,09
6,15	0,07
6,17	0,07
6,20	0,08
6,22	0,08
6,25	0,08
6,27	0,08
6,30	0,08
6,32	0,08
6,34	0,07
6,37	0,06
6,39	0,07
6,42	0,07
6,44	0,06
6,47	0,06
6,49	0,06
6,52	0,07
6,54	0,06
6,56	0,06
6,59	0,06
6,61	0,06
6,64	0,05
6,66	0,05
6,69	0,06
6,71	0,06
6,73	0,05
6,76	0,06
6,78	0,06
6,81	0,06
6,83	0,05
6,86	0,05
6,88	0,06
6,91	0,06
6,93	0,05
6,95	0,06
6,98	0,06
7,00	0,06
7,03	0,06
7,05	0,06
7,08	0,06
7,10	0,06
7,13	0,06
7,15	0,06
7,17	0,07
7,20	0,06
7,22	0,06
7,25	0,06
7,27	0,07
7,30	0,06
7,32	0,06
7,35	0,06
7,37	0,07
7,39	0,06
7,42	0,06
7,44	0,06
7,47	0,08
7,49	0,07
7,52	0,07
7,54	0,07
7,57	0,07
7,59	0,07
7,61	0,07
7,64	0,07
7,66	0,09
7,69	0,08
7,71	0,08
7,74	0,08
7,76	0,08
7,78	0,08
7,81	0,08
7,83	0,08
7,86	0,09
7,88	0,08
7,91	0,08
7,93	0,09
7,96	0,09
7,98	0,09
8,00	0,08
8,03	0,09
8,05	0,10
8,08	0,08
8,10	0,08
8,13	0,08
8,15	0,08
8,18	0,08
8,20	0,08
8,22	0,08
8,25	0,08
8,27	0,07
8,30	0,07
8,32	0,08
8,35	0,08
8,37	0,07
8,40	0,07
8,42	0,07
8,44	0,07
8,47	0,06
8,49	0,06
8,52	0,07
8,54	0,07
8,57	0,06
8,59	0,06
8,62	0,06
8,64	0,06
8,66	0,05
8,69	0,06
8,71	0,07
8,74	0,07
8,76	0,07
8,79	0,07
8,81	0,08
8,84	0,08
8,86	0,07
8,88	0,08
8,91	0,09
8,93	0,08
8,96	0,08
8,98	0,08
9,01	0,09
9,03	0,09
9,05	0,09
9,08	0,09
9,10	0,09
9,13	0,08
9,15	0,08
9,18	0,08
9,20	0,10
9,23	0,09
9,25	0,09
9,27	0,09
9,30	0,09
9,32	0,09
9,35	0,08
9,37	0,08
9,40	0,10
9,42	0,09
9,45	0,09
9,47	0,10
9,49	0,10
9,52	0,09
9,54	0,09
9,57	0,09
9,59	0,11
9,62	0,10
9,64	0,10
9,67	0,10
9,69	0,11
9,71	0,11
9,74	0,10
9,76	0,11
9,79	0,12
9,81	0,10
9,84	0,10
9,86	0,11
9,89	0,11
9,91	0,11
9,93	0,11
9,96	0,12
9,98	0,12
10,01	0,10
10,03	0,10
10,06	0,11
10,08	0,10
10,10	0,09
10,13	0,09
10,15	0,10
10,18	0,11
10,20	0,09
10,23	0,09
10,25	0,10
10,28	0,09
10,30	0,09
10,32	0,09
10,35	0,09
10,37	0,09
10,40	0,08
10,42	0,08
10,45	0,09
10,47	0,09
10,50	0,08
10,52	0,08
10,54	0,08
10,57	0,08
10,59	0,07
10,62	0,08
10,64	0,09
10,67	0,08
10,69	0,08
10,72	0,08
10,74	0,10
10,76	0,09
10,79	0,08
10,81	0,09
10,84	0,10
10,86	0,10
10,89	0,10
10,91	0,10
10,94	0,12
10,96	0,11
10,98	0,11
11,01	0,11
11,03	0,12
11,06	0,11
11,08	0,11
11,11	0,11
11,13	0,13
11,15	0,13
11,18	0,13
11,20	0,13
11,23	0,13
11,25	0,12
11,28	0,12
11,30	0,12
11,33	0,13
11,35	0,12
11,37	0,12
11,40	0,13
11,42	0,13
11,45	0,12
11,47	0,12
11,50	0,12
11,52	0,12
11,55	0,11
11,57	0,11
11,59	0,12
11,62	0,13
11,64	0,12
11,67	0,12
11,69	0,13
11,72	0,13
11,74	0,11
11,77	0,11
11,79	0,12
11,81	0,12
11,84	0,11
11,86	0,11
11,89	0,12
11,91	0,12
11,94	0,11
11,96	0,11
11,99	0,11
12,01	0,11
12,03	0,10
12,06	0,10
12,08	0,11
12,11	0,11
12,13	0,10
12,16	0,10
12,18	0,11
12,21	0,10
12,23	0,09
12,25	0,10
12,28	0,11
12,30	0,11
12,33	0,10
12,35	0,11
12,38	0,13
12,40	0,13
12,42	0,12
12,45	0,13
12,47	0,14
12,50	0,14
12,52	0,13
12,55	0,14
12,57	0,16
12,60	0,15
12,62	0,15
12,64	0,15
12,67	0,16
12,69	0,15
12,72	0,15
12,74	0,16
12,77	0,17
12,79	0,16
12,82	0,16
12,84	0,17
12,86	0,17
12,89	0,16
12,91	0,15
12,94	0,16
12,96	0,17
12,99	0,15
13,01	0,15
13,04	0,16
13,06	0,17
13,08	0,16
13,11	0,15
13,13	0,16
13,16	0,16
13,18	0,15
13,21	0,15
13,23	0,15
13,26	0,17
13,28	0,16
13,30	0,16
13,33	0,17
13,35	0,18
13,38	0,16
13,40	0,16
13,43	0,17
13,45	0,18
13,47	0,17
13,50	0,17
13,52	0,18
13,55	0,18
13,57	0,17
13,60	0,18
13,62	0,18
13,65	0,18
13,67	0,16
13,69	0,16
13,72	0,18
13,74	0,17
13,77	0,16
13,79	0,16
13,82	0,18
13,84	0,19
13,87	0,16
13,89	0,17
13,91	0,19
13,94	0,18
13,96	0,16
13,99	0,16
14,01	0,18
14,04	0,17
14,06	0,16
14,09	0,17
14,11	0,18
14,13	0,17
14,16	0,16
14,18	0,17
14,21	0,18
14,23	0,18
14,26	0,17
14,28	0,19
14,31	0,20
14,33	0,19
14,35	0,19
14,38	0,19
14,40	0,20
14,43	0,19
14,45	0,18
14,48	0,20
14,50	0,21
14,52	0,20
14,55	0,20
14,57	0,22
14,60	0,22
14,62	0,21
14,65	0,21
14,67	0,22
14,70	0,23
14,72	0,21
14,74	0,21
14,77	0,23
14,79	0,23
14,82	0,22
14,84	0,21
14,87	0,23
14,89	0,23
14,92	0,21
14,94	0,21
14,96	0,23
14,99	0,24
15,01	0,22
15,04	0,22
15,06	0,23
15,09	0,23
15,11	0,21
15,14	0,21
15,16	0,21
15,18	0,22
15,21	0,21
15,23	0,21
15,26	0,22
15,28	0,22
15,31	0,20
15,33	0,21
15,36	0,23
15,38	0,23
15,40	0,21
15,43	0,21
15,45	0,23
15,48	0,23
15,50	0,23
15,53	0,24
15,55	0,26
15,57	0,25
15,60	0,22
15,62	0,23
15,65	0,25
15,67	0,24
15,70	0,24
15,72	0,25
15,75	0,27
15,77	0,27
15,79	0,25
15,82	0,26
15,84	0,28
15,87	0,26
15,89	0,26
15,92	0,27
15,94	0,27
15,97	0,27
15,99	0,26
16,01	0,26
16,04	0,28
16,06	0,26
16,09	0,24
16,11	0,25
16,14	0,26
16,16	0,24
16,19	0,24
16,21	0,26
16,23	0,27
16,26	0,26
16,28	0,26
16,31	0,27
16,33	0,28
16,36	0,27
16,38	0,26
16,41	0,28
16,43	0,28
16,45	0,27
16,48	0,27
16,50	0,27
16,53	0,29
16,55	0,27
16,58	0,26
16,60	0,28
16,63	0,29
16,65	0,28
16,67	0,28
16,70	0,29
16,72	0,30
16,75	0,28
16,77	0,28
16,80	0,30
16,82	0,29
16,84	0,27
16,87	0,27
16,89	0,27
16,92	0,28
16,94	0,25
16,97	0,26
16,99	0,27
17,02	0,27
17,04	0,25
17,06	0,25
17,09	0,25
17,11	0,25
17,14	0,23
17,16	0,23
17,19	0,24
17,21	0,22
17,24	0,20
17,26	0,20
17,28	0,21
17,31	0,21
17,33	0,18
17,36	0,18
17,38	0,20
17,41	0,18
17,43	0,17
17,46	0,18
17,48	0,19
17,50	0,19
17,53	0,17
17,55	0,17
17,58	0,18
17,60	0,16
17,63	0,15
17,65	0,15
17,68	0,16
17,70	0,16
17,72	0,14
17,75	0,15
17,77	0,17
17,80	0,15
17,82	0,15
17,85	0,15
17,87	0,16
17,89	0,15
17,92	0,14
17,94	0,15
17,97	0,16
17,99	0,14
18,02	0,14
18,04	0,13
18,07	0,14
18,09	0,12
18,11	0,12
18,14	0,13
18,16	0,13
18,19	0,12
18,21	0,11
18,24	0,12
18,26	0,12
18,29	0,11
18,31	0,10
18,33	0,10
18,36	0,09
18,38	0,08
18,41	0,08
18,43	0,08
18,46	0,07
18,48	0,06
18,51	0,06
18,53	0,06
18,55	0,05
18,58	0,04
18,60	0,04
18,63	0,04
18,65	0,04
18,68	0,03
18,70	0,03
18,73	0,03
18,75	0,02
18,77	0,01
18,80	0,01
18,82	0,01
18,85	0,01
18,87	0,01
18,90	0,01
18,92	0,01
18,94	0,01
18,97	0,01
18,99	0,01
19,02	0,01
19,04	0,01
19,07	0,01
19,09	0,01
19,12	0,01
19,14	0,01
19,16	0,01
19,19	0,01
19,21	0,01
19,24	0,01
19,26	0,01
19,29	0,01
19,31	0,01
19,34	0,01
19,36	0,01
19,38	0,01
19,41	0,01
19,43	0,01
19,46	0,01
19,48	0,01
19,51	0,01
19,53	0,01
19,56	0,01
19,58	0,01
19,60	0,01
19,63	0,01
19,65	0,01
19,68	0,01
19,70	0,01
19,73	0,01
19,75	0,01
19,78	0,01
19,80	0,01
19,82	0,01
19,85	0,01
19,87	0,01
19,90	0,01
19,92	0,01
19,95	0,01
19,97	0,01
19,99	0,01
20,02	0,01
20,04	0,01
20,07	0,01
20,09	0,01
20,12	0,01
20,14	0,01
20,17	0,01
20,19	0,01
20,21	0,01
20,24	0,01
20,26	0,01
20,29	0,01
20,31	0,01
20,34	0,01
20,36	0,01
20,39	0,01
20,41	0,01
20,43	0,01
20,46	0,01
20,48	0,01
20,51	0,01
20,53	0,01
20,56	0,01
20,58	0,01
20,61	0,01
20,63	0,01
20,65	0,01
20,68	0,01
20,70	0,01
20,73	0,01
20,75	0,01
20,78	0,01
20,80	0,01
20,83	0,01
20,85	0,01
20,87	0,01
20,90	0,01
20,92	0,01
20,95	0,01
20,97	0,01
21,00	0,01
21,02	0,01
21,05	0,01
21,07	0,01
21,09	0,01
21,12	0,01
21,14	0,01
21,17	0,01
21,19	0,01
21,22	0,01
21,24	0,01
21,26	0,01
21,29	0,01
21,31	0,01
21,34	0,01
21,36	0,01
21,39	0,01
21,41	0,01
21,44	0,01
21,46	0,01
21,48	0,01
21,51	0,01
21,53	0,01
21,56	0,01
21,58	0,01
21,61	0,01
21,63	0,01
21,66	0,01
21,68	0,01
21,70	0,01
21,73	0,01
21,75	0,01
21,78	0,01
21,80	0,01
21,83	0,01
21,85	0,01
21,88	0,01
21,90	0,01
21,92	0,01
21,95	0,01
21,97	0,01
22,00	0,01
22,02	0,01
22,05	0,01
22,07	0,01
22,10	0,01
22,12	0,01
22,14	0,01
22,17	0,01
22,19	0,01
22,22	0,01
22,24	0,01
22,27	0,01
22,29	0,01
22,31	0,01
22,34	0,01
22,36	0,01
22,39	0,01
22,41	0,01
22,44	0,01
22,46	0,01
22,49	0,01
22,51	0,01
22,53	0,01
22,56	0,01
22,58	0,01
22,61	0,01
22,63	0,01
22,66	0,01
22,68	0,02
22,71	0,02
22,73	0,02
22,75	0,03
22,78	0,05
22,80	0,07
22,83	0,07
22,85	0,09
22,88	0,11
22,90	0,14
22,93	0,16
22,95	0,20
22,97	0,25
23,00	0,28
23,02	0,33
23,05	0,39
23,07	0,45
23,10	0,51
23,12	0,57
23,15	0,63
23,17	0,71
23,19	0,77
23,22	0,85
23,24	0,94
23,27	1,04
23,29	1,13
23,32	1,21
23,34	1,32
23,36	1,43
23,39	1,51
23,41	1,62
23,44	1,74
23,46	1,86
23,49	1,96
23,51	2,06
23,54	2,20
23,56	2,32
23,58	2,42
23,61	2,53
23,63	2,66
23,66	2,78
23,68	2,88
23,71	2,98
23,73	3,13
23,76	3,25
23,78	3,34
23,80	3,47
23,83	3,59
23,85	3,71
23,88	3,81
23,90	3,92
23,93	4,06
23,95	4,17
23,98	4,27
24,00	4,40
24,02	4,52
24,05	4,63
24,07	4,73
24,10	4,84
24,12	4,97
24,15	5,06
24,17	5,15
24,20	5,26
24,22	5,38
24,24	5,48
24,27	5,57
24,29	5,68
24,32	5,80
24,34	5,88
24,37	5,97
24,39	6,08
24,42	6,18
24,44	6,28
24,46	6,36
24,49	6,46
24,51	6,58
24,54	6,65
24,56	6,73
24,59	6,83
24,61	6,92
24,63	7,00
24,66	7,08
24,68	7,17
24,71	7,27
24,73	7,35
24,76	7,43
24,78	7,53
24,81	7,61
24,83	7,68
24,85	7,74
24,88	7,84
24,90	7,94
24,93	8,01
24,95	8,09
24,98	8,18
25,00	8,26
25,03	8,34
25,05	8,41
25,07	8,51
25,10	8,59
25,12	8,65
25,15	8,72
25,17	8,81
25,20	8,89
25,22	8,96
25,25	9,03
25,27	9,12
25,29	9,21
25,32	9,26
25,34	9,33
25,37	9,42
25,39	9,51
25,42	9,57
25,44	9,65
25,47	9,75
25,49	9,83
25,51	9,88
25,54	9,96
25,56	10,05
25,59	10,13
25,61	10,20
25,64	10,26
25,66	10,35
25,68	10,43
25,71	10,49
25,73	10,58
25,76	10,66
25,78	10,74
25,81	10,79
25,83	10,86
25,86	10,96
25,88	11,02
25,90	11,08
25,93	11,16
25,95	11,25
25,98	11,31
26,00	11,37
26,03	11,45
26,05	11,53
26,08	11,59
26,10	11,65
26,12	11,72
26,15	11,80
26,17	11,87
26,20	11,92
26,22	11,99
26,25	12,07
26,27	12,13
26,30	12,18
26,32	12,26
26,34	12,33
26,37	12,38
26,39	12,44
26,42	12,51
26,44	12,59
26,47	12,64
26,49	12,69
26,52	12,77
26,54	12,84
26,56	12,89
26,59	12,94
26,61	13,01
26,64	13,07
26,66	13,12
26,69	13,18
26,71	13,25
26,73	13,31
26,76	13,35
26,78	13,39
26,81	13,46
26,83	13,52
26,86	13,57
26,88	13,63
26,91	13,70
26,93	13,74
26,95	13,79
26,98	13,85
27,00	13,92
27,03	13,96
27,05	14,00
27,08	14,06
27,10	14,13
27,13	14,17
27,15	14,21
27,17	14,27
27,20	14,33
27,22	14,36
27,25	14,40
27,27	14,46
27,30	14,51
27,32	14,54
27,35	14,58
27,37	14,65
27,39	14,70
27,42	14,73
27,44	14,78
27,47	14,84
27,49	14,88
27,52	14,91
27,54	14,95
27,57	15,00
27,59	15,04
27,61	15,07
27,64	15,13
27,66	15,18
27,69	15,22
27,71	15,24
27,74	15,28
27,76	15,34
27,78	15,38
27,81	15,40
27,83	15,46
27,86	15,51
27,88	15,55
27,91	15,58
27,93	15,63
27,96	15,68
27,98	15,71
28,00	15,74
28,03	15,80
28,05	15,84
28,08	15,87
28,10	15,89
28,13	15,95
28,15	16,00
28,18	16,03
28,20	16,05
28,22	16,09
28,25	16,12
28,27	16,15
28,30	16,18
28,32	16,23
28,35	16,28
28,37	16,29
28,40	16,31
28,42	16,36
28,44	16,39
28,47	16,41
28,49	16,42
28,52	16,46
28,54	16,50
28,57	16,51
28,59	16,53
28,62	16,58
28,64	16,61
28,66	16,62
28,69	16,64
28,71	16,68
28,74	16,71
28,76	16,70
28,79	16,73
28,81	16,78
28,84	16,80
28,86	16,82
28,88	16,83
28,91	16,87
28,93	16,89
28,96	16,89
28,98	16,92
29,01	16,96
29,03	16,98
29,05	16,99
29,08	17,02
29,10	17,07
29,13	17,08
29,15	17,09
29,18	17,11
29,20	17,14
29,23	17,16
29,25	17,17
29,27	17,19
29,30	17,24
29,32	17,24
29,35	17,24
29,37	17,28
29,40	17,30
29,42	17,31
29,45	17,32
29,47	17,34
29,49	17,37
29,52	17,38
29,54	17,39
29,57	17,41
29,59	17,44
29,62	17,45
29,64	17,45
29,67	17,46
29,69	17,49
29,71	17,49
29,74	17,49
29,76	17,52
29,79	17,55
29,81	17,56
29,84	17,56
29,86	17,58
29,89	17,61
29,91	17,60
29,93	17,61
29,96	17,64
29,98	17,65
30,01	17,66
30,03	17,66
30,06	17,69
30,08	17,72
30,10	17,71
30,13	17,71
30,15	17,74
30,18	17,75
30,20	17,75
30,23	17,75
30,25	17,78
30,28	17,81
30,30	17,80
30,32	17,80
30,35	17,83
30,37	17,84
30,40	17,84
30,42	17,83
30,45	17,85
30,47	17,86
30,50	17,85
30,52	17,86
30,54	17,88
30,57	17,90
30,59	17,90
30,62	17,90
30,64	17,92
30,67	17,93
30,69	17,91
30,72	17,92
30,74	17,95
30,76	17,96
30,79	17,96
30,81	17,96
30,84	17,98
30,86	17,99
30,89	17,98
30,91	17,99
30,94	18,01
30,96	18,01
30,98	18,00
31,01	18,01
31,03	18,04
31,06	18,05
31,08	18,04
31,11	18,05
31,13	18,06
31,15	18,06
31,18	18,04
31,20	18,04
31,23	18,07
31,25	18,07
31,28	18,06
31,30	18,08
31,33	18,10
31,35	18,09
31,37	18,08
31,40	18,09
31,42	18,10
31,45	18,10
31,47	18,09
31,50	18,10
31,52	18,11
31,55	18,11
31,57	18,10
31,59	18,10
31,62	18,12
31,64	18,09
31,67	18,08
31,69	18,10
31,72	18,11
31,74	18,11
31,77	18,10
31,79	18,11
31,81	18,13	True
31,84	18,11
31,86	18,10
31,89	18,12
31,91	18,12
31,94	18,10
31,96	18,09
31,99	18,10
32,01	18,11
32,03	18,09
32,06	18,08
32,08	18,09
32,11	18,09
32,13	18,07
32,16	18,07
32,18	18,08
32,20	18,08
32,23	18,07
32,25	18,07
32,28	18,08
32,30	18,08
32,33	18,05
32,35	18,04
32,38	18,05
32,40	18,04
32,42	18,02
32,45	18,01
32,47	18,03
32,50	18,02
32,52	18,01
32,55	18,00
32,57	18,00
32,60	17,99
32,62	17,96
32,64	17,96
32,67	17,96
32,69	17,96
32,72	17,93
32,74	17,92
32,77	17,92
32,79	17,90
32,82	17,86
32,84	17,85
32,86	17,84
32,89	17,82
32,91	17,79
32,94	17,78
32,96	17,79
32,99	17,77
33,01	17,73
33,04	17,72
33,06	17,70
33,08	17,66
33,11	17,63
33,13	17,60
33,16	17,59
33,18	17,55
33,21	17,51
33,23	17,49
33,26	17,46
33,28	17,41
33,30	17,36
33,33	17,32
33,35	17,29
33,38	17,23
33,40	17,16
33,43	17,12
33,45	17,06
33,47	16,99
33,50	16,91
33,52	16,85
33,55	16,78
33,57	16,67
33,60	16,57
33,62	16,50
33,65	16,41
33,67	16,31
33,69	16,20
33,72	16,09
33,74	16,00
33,77	15,86
33,79	15,72
33,82	15,61
33,84	15,48
33,87	15,32
33,89	15,18
33,91	15,04
33,94	14,92
33,96	14,76
33,99	14,61
34,01	14,47
34,04	14,31
34,06	14,13
34,09	13,96
34,11	13,81
34,13	13,65
34,16	13,47
34,18	13,31
34,21	13,15
34,23	12,97
34,26	12,79
34,28	12,60
34,31	12,44
34,33	12,27
34,35	12,06
34,38	11,88
34,40	11,72
34,43	11,54
34,45	11,35
34,48	11,17
34,50	11,01
34,52	10,82
34,55	10,61
34,57	10,43
34,60	10,27
34,62	10,08
34,65	9,89
34,67	9,71
34,70	9,54
34,72	9,35
34,74	9,15
34,77	8,97
34,79	8,78
34,82	8,59
34,84	8,39
34,87	8,21
34,89	8,04
34,92	7,86
34,94	7,66
34,96	7,50
34,99	7,33
35,01	7,14
35,04	6,94
35,06	6,75
35,09	6,59
35,11	6,40
35,14	6,20
35,16	6,03
35,18	5,86
35,21	5,67
35,23	5,48
35,26	5,30
35,28	5,14
35,31	4,95
35,33	4,76
35,36	4,60
35,38	4,43
35,40	4,26
35,43	4,07
35,45	3,90
35,48	3,73
35,50	3,53
35,53	3,34
35,55	3,18
35,57	3,02
35,60	2,84
35,62	2,65
35,65	2,50
35,67	2,35
35,70	2,15
35,72	1,98
35,75	1,84
35,77	1,68
35,79	1,52
35,82	1,37
35,84	1,25
35,87	1,12
35,89	0,99
35,92	0,88
35,94	0,79
35,97	0,69
35,99	0,58
36,01	0,49
36,04	0,43
36,06	0,37
36,09	0,29
36,11	0,24
36,14	0,20
36,16	0,14
36,19	0,10
36,21	0,06
36,23	0,05
36,26	0,03
36,28	0,01
36,31	0,01
36,33	0,01
36,36	0,01
36,38	0,01
36,41	0,01
36,43	0,01
36,45	0,01
36,48	0,01
36,50	0,01
36,53	0,01
36,55	0,01
36,58	0,01
36,60	0,01
36,62	0,01
36,65	0,01
36,67	0,01
36,70	0,01
36,72	0,01
36,75	0,01
36,77	0,01
36,80	0,01
36,82	0,01
36,84	0,01
36,87	0,01
36,89	0,01
36,92	0,01
36,94	0,01
36,97	0,01
36,99	0,01
37,02	0,01
37,04	0,01
37,06	0,01
37,09	0,01
37,11	0,01
37,14	0,01
37,16	0,01
37,19	0,01
37,21	0,01
37,24	0,01
37,26	0,01
37,28	0,01
37,31	0,01
37,33	0,01
37,36	0,01
37,38	0,01
37,41	0,01
37,43	0,01
37,46	0,01
37,48	0,01
37,50	0,01
37,53	0,01
37,55	0,01
37,58	0,01
37,60	0,01
37,63	0,01
37,65	0,01
37,68	0,01
37,70	0,01
37,72	0,01
37,75	0,01
37,77	0,01
37,80	0,01
37,82	0,01
37,85	0,01
37,87	0,01
37,89	0,01
37,92	0,01
37,94	0,01
37,97	0,01
37,99	0,01
38,02	0,01
38,04	0,01
38,07	0,01
38,09	0,01
38,11	0,01
38,14	0,01
38,16	0,01
38,19	0,01
38,21	0,01
38,24	0,01
38,26	0,01
38,29	0,01
38,31	0,01
38,33	0,01
38,36	0,01
38,38	0,01
38,41	0,01
38,43	0,01
38,46	0,01
38,48	0,01
38,51	0,01
38,53	0,01
38,55	0,01
38,58	0,01
38,60	0,01
38,63	0,01
38,65	0,01
38,68	0,01
38,70	0,01
38,73	0,01
38,75	0,01
38,77	0,01
38,80	0,01
38,82	0,01
38,85	0,01
38,87	0,01
38,90	0,01
38,92	0,01
38,94	0,01
38,97	0,01
38,99	0,01
39,02	0,01
39,04	0,01
39,07	0,01
39,09	0,01
39,12	0,01
39,14	0,01
39,16	0,01
39,19	0,01
39,21	0,01
39,24	0,01
39,26	0,01
39,29	0,01
39,31	0,01
39,34	0,01
39,36	0,01
39,38	0,01
39,41	0,01
39,43	0,01
39,46	0,01
39,48	0,01
39,51	0,01
39,53	0,01
39,56	0,01
39,58	0,01
39,60	0,01
39,63	0,01
39,65	0,01
39,68	0,01
39,70	0,01
39,73	0,01
39,75	0,01
39,78	0,01
39,80	0,01
39,82	0,01
39,85	0,01
39,87	0,01
39,90	0,01
39,92	0,01
39,95	0,01
39,97	0,01
39,99	0,01
40,02	0,01
40,04	0,01
40,07	0,01
40,09	0,02
40,12	0,02
40,14	0,02
40,17	0,05
40,19	0,09
40,21	0,12
40,24	0,16
40,26	0,21
40,29	0,28
40,31	0,34
40,34	0,41
40,36	0,48
40,39	0,57
40,41	0,66
40,43	0,74
40,46	0,85
40,48	0,98
40,51	1,09
40,53	1,21
40,56	1,34
40,58	1,49
40,61	1,63
40,63	1,77
40,65	1,92
40,68	2,11
40,70	2,25
40,73	2,41
40,75	2,60
40,78	2,76
40,80	2,91
40,83	3,06
40,85	3,23
40,87	3,40
40,90	3,53
40,92	3,68
40,95	3,86
40,97	4,03
41,00	4,18
41,02	4,32
41,05	4,49
41,07	4,65
41,09	4,77
41,12	4,91
41,14	5,08
41,17	5,22
41,19	5,35
41,22	5,50
41,24	5,66
41,26	5,82
41,29	5,93
41,31	6,09
41,34	6,25
41,36	6,38
41,39	6,51
41,41	6,66
41,44	6,83
41,46	6,98
41,48	7,10
41,51	7,25
41,53	7,42
41,56	7,56
41,58	7,70
41,61	7,84
41,63	8,02
41,66	8,18
41,68	8,31
41,70	8,48
41,73	8,65
41,75	8,81
41,78	8,96
41,80	9,12
41,83	9,30
41,85	9,45
41,88	9,59
41,90	9,77
41,92	9,95
41,95	10,12
41,97	10,29
42,00	10,47
42,02	10,66
42,05	10,82
42,07	10,97
42,10	11,16
42,12	11,35
42,14	11,51
42,17	11,69
42,19	11,88
42,22	12,08
42,24	12,25
42,27	12,41
42,29	12,62
42,31	12,80
42,34	12,97
42,36	13,14
42,39	13,34
42,41	13,54
42,44	13,71
42,46	13,88
42,49	14,09
42,51	14,28
42,53	14,45
42,56	14,62
42,58	14,81
42,61	15,01
42,63	15,18
42,66	15,35
42,68	15,55
42,71	15,74
42,73	15,90
42,75	16,08
42,78	16,27
42,80	16,45
42,83	16,60
42,85	16,77
42,88	16,96
42,90	17,13
42,93	17,30
42,95	17,47
42,97	17,66
43,00	17,83
43,02	17,98
43,05	18,15
43,07	18,34
43,10	18,50
43,12	18,65
43,15	18,83
43,17	19,02
43,19	19,19
43,22	19,33
43,24	19,50
43,27	19,70
43,29	19,85
43,32	20,00
43,34	20,17
43,36	20,35
43,39	20,52
43,41	20,66
43,44	20,83
43,46	21,01
43,49	21,17
43,51	21,32
43,54	21,49
43,56	21,67
43,58	21,83
43,61	21,98
43,63	22,16
43,66	22,34
43,68	22,50
43,71	22,65
43,73	22,82
43,76	22,99
43,78	23,13
43,80	23,27
43,83	23,44
43,85	23,62
43,88	23,76
43,90	23,91
43,93	24,09
43,95	24,26
43,98	24,41
44,00	24,55
44,02	24,72
44,05	24,90
44,07	25,04
44,10	25,18
44,12	25,36
44,15	25,54
44,17	25,68
44,20	25,82
44,22	26,00
44,24	26,16
44,27	26,29
44,29	26,44
44,32	26,60
44,34	26,78
44,37	26,91
44,39	27,05
44,41	27,23
44,44	27,39
44,46	27,52
44,49	27,67
44,51	27,84
44,54	27,99
44,56	28,13
44,59	28,27
44,61	28,45
44,63	28,60
44,66	28,72
44,68	28,88
44,71	29,04
44,73	29,18
44,76	29,30
44,78	29,45
44,81	29,61
44,83	29,76
44,85	29,90
44,88	30,05
44,90	30,21
44,93	30,37
44,95	30,48
44,98	30,62
45,00	30,79
45,03	30,91
45,05	31,04
45,07	31,19
45,10	31,35
45,12	31,49
45,15	31,60
45,17	31,75
45,20	31,90
45,22	32,03
45,25	32,15
45,27	32,30
45,29	32,45
45,32	32,58
45,34	32,69
45,37	32,84
45,39	32,98
45,42	33,09
45,44	33,20
45,47	33,33
45,49	33,47
45,51	33,58
45,54	33,69
45,56	33,84
45,59	33,98
45,61	34,09
45,64	34,21
45,66	34,34
45,68	34,46
45,71	34,56
45,73	34,66
45,76	34,80
45,78	34,93
45,81	35,04
45,83	35,14
45,86	35,26
45,88	35,39
45,90	35,49
45,93	35,60
45,95	35,73
45,98	35,85
46,00	35,94
46,03	36,04
46,05	36,17
46,08	36,31
46,10	36,41
46,12	36,50
46,15	36,64
46,17	36,75
46,20	36,84
46,22	36,94
46,25	37,07
46,27	37,18
46,30	37,27
46,32	37,37
46,34	37,50
46,37	37,61
46,39	37,69
46,42	37,79
46,44	37,91
46,47	38,01
46,49	38,10
46,52	38,20
46,54	38,32
46,56	38,43
46,59	38,52
46,61	38,62
46,64	38,73
46,66	38,82
46,69	38,88
46,71	38,98
46,73	39,10
46,76	39,18
46,78	39,27
46,81	39,37
46,83	39,48
46,86	39,57
46,88	39,65
46,91	39,74
46,93	39,85
46,95	39,93
46,98	39,99
47,00	40,07
47,03	40,18
47,05	40,27
47,08	40,34
47,10	40,43
47,13	40,53
47,15	40,59
47,17	40,66
47,20	40,74
47,22	40,84
47,25	40,91
47,27	40,98
47,30	41,08
47,32	41,17
47,35	41,23
47,37	41,29
47,39	41,37
47,42	41,46
47,44	41,52
47,47	41,58
47,49	41,68
47,52	41,77
47,54	41,82
47,57	41,88
47,59	41,97
47,61	42,06
47,64	42,11
47,66	42,15
47,69	42,24
47,71	42,32
47,74	42,37
47,76	42,43
47,78	42,51
47,81	42,59
47,83	42,64
47,86	42,69
47,88	42,77
47,91	42,83
47,93	42,88
47,96	42,94
47,98	43,02
48,00	43,09
48,03	43,13
48,05	43,19
48,08	43,27
48,10	43,31
48,13	43,34
48,15	43,40
48,18	43,47
48,20	43,53
48,22	43,57
48,25	43,61
48,27	43,70
48,30	43,75
48,32	43,78
48,35	43,84
48,37	43,91
48,40	43,95
48,42	43,98
48,44	44,03
48,47	44,10
48,49	44,14
48,52	44,18
48,54	44,23
48,57	44,29
48,59	44,33
48,62	44,35
48,64	44,40
48,66	44,45
48,69	44,48
48,71	44,52
48,74	44,56
48,76	44,62
48,79	44,67
48,81	44,68
48,84	44,73
48,86	44,79
48,88	44,81
48,91	44,83
48,93	44,88
48,96	44,91
48,98	44,95
49,01	44,96
49,03	45,01
49,05	45,04
49,08	45,06
49,10	45,07
49,13	45,10
49,15	45,14
49,18	45,16
49,20	45,18
49,23	45,22
49,25	45,26
49,27	45,27
49,30	45,29
49,32	45,31
49,35	45,34
49,37	45,34
49,40	45,34
49,42	45,38
49,45	45,42
49,47	45,41
49,49	45,42
49,52	45,46
49,54	45,48
49,57	45,47
49,59	45,46
49,62	45,49
49,64	45,52
49,67	45,52
49,69	45,52
49,71	45,54
49,74	45,57	True
49,76	45,56
49,79	45,56
49,81	45,56
49,84	45,55
49,86	45,52
49,89	45,52
49,91	45,53
49,93	45,54
49,96	45,52
49,98	45,51
50,01	45,52
50,03	45,50
50,06	45,45
50,08	45,42
50,10	45,40
50,13	45,37
50,15	45,32
50,18	45,29
50,20	45,28
50,23	45,23
50,25	45,15
50,28	45,10
50,30	45,07
50,32	45,01
50,35	44,91
50,37	44,84
50,40	44,78
50,42	44,70
50,45	44,62
50,47	44,54
50,50	44,47
50,52	44,37
50,54	44,24
50,57	44,14
50,59	44,05
50,62	43,93
50,64	43,80
50,67	43,69
50,69	43,59
50,72	43,47
50,74	43,32
50,76	43,20
50,79	43,08
50,81	42,94
50,84	42,78
50,86	42,66
50,89	42,53
50,91	42,38
50,94	42,21
50,96	42,08
50,98	41,96
51,01	41,80
51,03	41,63
51,06	41,48
51,08	41,34
51,11	41,16
51,13	41,00
51,15	40,88
51,18	40,73
51,20	40,56
51,23	40,40
51,25	40,26
51,28	40,11
51,30	39,93
51,33	39,75
51,35	39,60
51,37	39,45
51,40	39,27
51,42	39,09
51,45	38,95
51,47	38,81
51,50	38,63
51,52	38,45
51,55	38,30
51,57	38,15
51,59	37,95
51,62	37,79
51,64	37,65
51,67	37,50
51,69	37,31
51,72	37,13
51,74	36,98
51,77	36,82
51,79	36,64
51,81	36,47
51,84	36,32
51,86	36,15
51,89	35,95
51,91	35,79
51,94	35,65
51,96	35,48
51,99	35,29
52,01	35,11
52,03	34,95
52,06	34,76
52,08	34,57
52,11	34,41
52,13	34,26
52,16	34,08
52,18	33,87
52,20	33,69
52,23	33,53
52,25	33,34
52,28	33,13
52,30	32,94
52,33	32,77
52,35	32,57
52,38	32,35
52,40	32,16
52,42	31,99
52,45	31,80
52,47	31,58
52,50	31,40
52,52	31,22
52,55	31,01
52,57	30,79
52,60	30,61
52,62	30,43
52,64	30,23
52,67	30,01
52,69	29,81
52,72	29,62
52,74	29,40
52,77	29,18
52,79	29,00
52,82	28,81
52,84	28,59
52,86	28,38
52,89	28,21
52,91	28,04
52,94	27,82
52,96	27,62
52,99	27,43
53,01	27,25
53,04	27,03
53,06	26,82
53,08	26,65
53,11	26,48
53,13	26,26
53,16	26,07
53,18	25,89
53,21	25,71
53,23	25,51
53,26	25,31
53,28	25,16
53,30	24,98
53,33	24,77
53,35	24,59
53,38	24,42
53,40	24,25
53,43	24,07
53,45	23,89
53,47	23,74
53,50	23,56
53,52	23,35
53,55	23,20
53,57	23,05
53,60	22,90
53,62	22,71
53,65	22,54
53,67	22,41
53,69	22,23
53,72	22,05
53,74	21,90
53,77	21,76
53,79	21,61
53,82	21,44
53,84	21,29
53,87	21,17
53,89	21,01
53,91	20,85
53,94	20,72
53,96	20,58
53,99	20,42
54,01	20,26
54,04	20,13
54,06	20,00
54,09	19,85
54,11	19,70
54,13	19,59
54,16	19,45
54,18	19,29
54,21	19,14
54,23	19,04
54,26	18,91
54,28	18,77
54,31	18,64
54,33	18,53
54,35	18,40
54,38	18,26
54,40	18,13
54,43	18,03
54,45	17,91
54,48	17,76
54,50	17,64
54,52	17,55
54,55	17,43
54,57	17,29
54,60	17,20
54,62	17,11
54,65	16,97
54,67	16,86
54,70	16,76
54,72	16,67
54,74	16,55
54,77	16,43
54,79	16,36
54,82	16,28
54,84	16,16
54,87	16,05
54,89	15,96
54,92	15,89
54,94	15,78
54,96	15,67
54,99	15,61
55,01	15,53
55,04	15,42
55,06	15,35
55,09	15,28
55,11	15,21
55,14	15,11
55,16	15,03
55,18	14,98
55,21	14,90
55,23	14,81
55,26	14,74
55,28	14,69
55,31	14,62
55,33	14,54
55,36	14,47
55,38	14,43
55,40	14,36
55,43	14,29
55,45	14,23
55,48	14,21
55,50	14,16
55,53	14,08
55,55	14,04
55,57	14,01
55,60	13,96
55,62	13,89
55,65	13,85
55,67	13,82
55,70	13,77
55,72	13,70
55,75	13,67
55,77	13,66
55,79	13,62
55,82	13,57
55,84	13,54
55,87	13,52
55,89	13,48
55,92	13,43
55,94	13,40
55,97	13,40
55,99	13,36
56,01	13,32
56,04	13,30
56,06	13,29
56,09	13,25
56,11	13,21
56,14	13,21
56,16	13,21
56,19	13,17
56,21	13,13
56,23	13,14
56,26	13,15
56,28	13,12
56,31	13,11
56,33	13,12
56,36	13,13
56,38	13,10
56,41	13,09
56,43	13,11
56,45	13,14
56,48	13,12
56,50	13,12
56,53	13,15
56,55	13,19
56,58	13,18
56,60	13,19
56,62	13,23
56,65	13,27
56,67	13,28
56,70	13,30
56,72	13,36
56,75	13,41
56,77	13,43
56,80	13,48
56,82	13,55
56,84	13,60
56,87	13,64
56,89	13,68
56,92	13,76
56,94	13,83
56,97	13,86
56,99	13,94
57,02	14,02
57,04	14,09
57,06	14,14
57,09	14,21
57,11	14,31
57,14	14,39
57,16	14,44
57,19	14,54
57,21	14,63
57,24	14,72
57,26	14,78
57,28	14,87
57,31	14,98
57,33	15,05
57,36	15,10
57,38	15,20
57,41	15,29
57,43	15,38
57,46	15,43
57,48	15,51
57,50	15,63
57,53	15,69
57,55	15,75
57,58	15,85
57,60	15,93
57,63	16,01
57,65	16,07
57,68	16,16
57,70	16,26
57,72	16,33
57,75	16,38
57,77	16,47
57,80	16,55
57,82	16,62
57,85	16,67
57,87	16,76
57,89	16,86
57,92	16,91
57,94	16,98
57,97	17,07
57,99	17,16
58,02	17,22
58,04	17,27
58,07	17,37
58,09	17,46
58,11	17,50
58,14	17,57
58,16	17,67
58,19	17,77
58,21	17,84
58,24	17,90
58,26	18,00
58,29	18,09
58,31	18,14
58,33	18,22
58,36	18,32
58,38	18,42
58,41	18,49
58,43	18,56
58,46	18,68
58,48	18,78
58,51	18,85
58,53	18,95
58,55	19,06
58,58	19,18
58,60	19,25
58,63	19,36
58,65	19,51
58,68	19,62
58,70	19,71
58,73	19,84
58,75	19,97
58,77	20,09
58,80	20,18
58,82	20,31
58,85	20,47
58,87	20,59
58,90	20,70
58,92	20,85
58,94	21,00
58,97	21,14
58,99	21,25
59,02	21,40
59,04	21,56
59,07	21,69
59,09	21,81
59,12	21,97
59,14	22,13
59,16	22,27
59,19	22,40
59,21	22,55
59,24	22,73
59,26	22,85
59,29	22,98
59,31	23,13
59,34	23,29
59,36	23,44
59,38	23,57
59,41	23,72
59,43	23,89
59,46	24,03
59,48	24,15
59,51	24,32
59,53	24,48
59,56	24,62
59,58	24,75
59,60	24,91
59,63	25,07
59,65	25,21
59,68	25,33
59,70	25,49
59,73	25,66
59,75	25,78
59,78	25,91
59,80	26,07
59,82	26,24
59,85	26,37
59,87	26,51
59,90	26,68
59,92	26,84
59,95	26,98
59,97	27,12
59,99	27,28
60,02	27,45
60,04	27,57
60,07	27,71
60,09	27,89
60,12	28,04
60,14	28,18
60,17	28,32
60,19	28,50
60,21	28,67
60,24	28,80
60,26	28,95
60,29	29,14
60,31	29,30
60,34	29,43
60,36	29,58
60,39	29,77
60,41	29,94
60,43	30,07
60,46	30,23
60,48	30,41
60,51	30,58
60,53	30,73
60,56	30,88
60,58	31,08
60,61	31,25
60,63	31,38
60,65	31,57
60,68	31,75
60,70	31,92
60,73	32,07
60,75	32,24
60,78	32,44
60,80	32,61
60,83	32,75
60,85	32,95
60,87	33,14
60,90	33,31
60,92	33,47
60,95	33,65
60,97	33,85
61,00	34,00
61,02	34,15
61,05	34,34
61,07	34,54
61,09	34,73
61,12	34,89
61,14	35,08
61,17	35,29
61,19	35,46
61,22	35,62
61,24	35,82
61,26	36,01
61,29	36,19
61,31	36,36
61,34	36,55
61,36	36,76
61,39	36,93
61,41	37,09
61,44	37,30
61,46	37,49
61,48	37,66
61,51	37,84
61,53	38,04
61,56	38,25
61,58	38,41
61,61	38,60
61,63	38,80
61,66	39,00
61,68	39,17
61,70	39,33
61,73	39,54
61,75	39,74
61,78	39,89
61,80	40,08
61,83	40,30
61,85	40,50
61,88	40,67
61,90	40,85
61,92	41,06
61,95	41,25
61,97	41,40
62,00	41,59
62,02	41,79
62,05	41,99
62,07	42,15
62,10	42,34
62,12	42,55
62,14	42,74
62,17	42,91
62,19	43,11
62,22	43,31
62,24	43,50
62,27	43,66
62,29	43,85
62,31	44,08
62,34	44,26
62,36	44,43
62,39	44,63
62,41	44,84
62,44	45,03
62,46	45,19
62,49	45,39
62,51	45,61
62,53	45,78
62,56	45,95
62,58	46,16
62,61	46,37
62,63	46,55
62,66	46,72
62,68	46,93
62,71	47,14
62,73	47,32
62,75	47,49
62,78	47,69
62,80	47,87
62,83	48,04
62,85	48,21
62,88	48,39
62,90	48,55
62,93	48,67
62,95	48,80
62,97	48,94
63,00	49,07
63,02	49,16
63,05	49,25
63,07	49,37
63,10	49,47
63,12	49,54
63,15	49,62
63,17	49,71
63,19	49,77
63,22	49,82
63,24	49,86
63,27	49,92
63,29	49,95
63,32	49,96
63,34	49,97
63,36	49,99
63,39	49,99
63,41	49,99
63,44	49,99
63,46	49,99
63,49	49,99
63,51	49,99
63,54	49,99
63,56	49,99
63,58	49,99
63,61	49,99
63,63	49,99
63,66	49,99
63,68	49,99
63,71	49,99
63,73	49,99
63,76	49,99
63,78	49,99
63,80	49,99
63,83	49,99
63,85	49,99
63,88	49,99
63,90	49,99
63,93	49,99
63,95	49,99
63,98	49,99
64,00	49,99
64,02	49,99
64,05	49,99
64,07	49,99
64,10	49,99
64,12	49,99
64,15	49,99
64,17	49,99
64,20	49,99
64,22	49,99
64,24	49,99
64,27	49,99
64,29	49,99
64,32	49,99
64,34	49,99
64,37	49,99
64,39	49,99
64,41	49,99
64,44	49,99
64,46	49,99
64,49	49,99
64,51	49,99
64,54	49,99
64,56	49,99
64,59	49,99
64,61	49,99
64,63	49,99
64,66	49,99
64,68	49,99
64,71	49,99
64,73	49,99
64,76	49,99
64,78	49,99
64,81	49,99
64,83	49,99
64,85	49,99
64,88	49,99
64,90	49,99
64,93	49,99
64,95	49,99
64,98	49,99
65,00	49,99
65,03	49,99
65,05	49,99
65,07	49,99
65,10	49,99
65,12	49,99
65,15	49,99
65,17	49,99
65,20	49,99
65,22	49,99
65,25	49,99
65,27	49,99
65,29	49,99
65,32	49,99
65,34	49,99
65,37	49,99
65,39	49,99
65,42	49,99
65,44	49,99
65,47	49,99
65,49	49,99
65,51	49,99
65,54	49,99
65,56	49,99
65,59	49,99
65,61	49,99
65,64	49,99
65,66	49,99
65,68	49,99
65,71	49,99
65,73	49,99
65,76	49,99
65,78	49,99
65,81	49,99
65,83	49,99
65,86	49,99
65,88	49,99
65,90	49,99
65,93	49,99
65,95	49,99
65,98	49,99
66,00	49,99
66,03	49,99
66,05	49,99
66,08	49,99
66,10	49,99
66,12	49,99
66,15	49,99
66,17	49,99
66,20	49,99
66,22	49,99
66,25	49,99
66,27	49,99
66,30	49,99
66,32	49,99
66,34	49,99
66,37	49,99
66,39	49,99
66,42	49,99
66,44	49,99
66,47	49,99
66,49	49,99
66,52	49,99
66,54	49,99
66,56	49,99
66,59	49,99
66,61	49,99
66,64	49,99
66,66	49,99
66,69	49,99
66,71	49,99
66,73	49,99
66,76	49,99
66,78	49,99
66,81	49,99
66,83	49,99
66,86	49,99
66,88	49,99
66,91	49,99
66,93	49,99
66,95	49,99
66,98	49,99
67,00	49,99
67,03	49,99
67,05	49,99
67,08	49,99
67,10	49,99
67,13	49,99
67,15	49,99
67,17	49,99
67,20	49,99
67,22	49,99
67,25	49,99
67,27	49,99
67,30	49,99
67,32	49,99
67,35	49,99
67,37	49,99
67,39	49,99
67,42	49,99
67,44	49,99
67,47	49,99
67,49	49,99
67,52	49,99
67,54	49,99
67,57	49,99
67,59	49,99
67,61	49,99
67,64	49,99
67,66	49,99
67,69	49,99
67,71	49,99
67,74	49,99
67,76	49,99
67,78	49,99
67,81	49,99
67,83	49,99
67,86	49,99
67,88	49,99
67,91	49,99
67,93	49,99
67,96	49,99
67,98	49,99
68,00	49,99
68,03	49,99
68,05	49,99
68,08	49,99
68,10	49,99
68,13	49,99
68,15	49,99
68,18	49,99
68,20	49,99
68,22	49,99
68,25	49,99
68,27	49,99
68,30	49,99
68,32	49,99
68,35	49,99
68,37	49,99
68,40	49,99
68,42	49,99
68,44	49,99
68,47	49,99
68,49	49,99
68,52	49,99
68,54	49,99
68,57	49,99
68,59	49,99
68,62	49,99
68,64	49,99
68,66	49,99
68,69	49,99
68,71	49,99
68,74	49,99
68,76	49,99
68,79	49,99
68,81	49,99
68,83	49,99
68,86	49,99
68,88	49,99
68,91	49,99
68,93	49,99
68,96	49,99
68,98	49,99
69,01	49,99
69,03	49,99
69,05	49,99
69,08	49,99
69,10	49,99
69,13	49,99
69,15	49,99
69,18	49,99
69,20	49,99
69,23	49,99
69,25	49,99
69,27	49,99
69,30	49,99
69,32	49,99
69,35	49,99
69,37	49,99
69,40	49,99
69,42	49,99
69,45	49,99
69,47	49,99
69,49	49,99
69,52	49,99
69,54	49,99
69,57	49,99
69,59	49,99
69,62	49,99
69,64	49,99
69,67	49,99
69,69	49,99
69,71	49,99
69,74	49,99
69,76	49,99
69,79	49,99
69,81	49,99
69,84	49,99
69,86	49,99
69,89	49,99
69,91	49,99
69,93	49,99
69,96	49,99
69,98	49,99
70,01	49,99
70,03	49,99
70,06	49,99
70,08	49,99
70,10	49,99
70,13	49,99
70,15	49,99
70,18	49,99
70,20	49,99
70,23	49,99
70,25	49,99
70,28	49,99
70,30	49,99
70,32	49,99
70,35	49,99
70,37	49,99
70,40	49,99
70,42	49,99
70,45	49,99
70,47	49,99
70,50	49,99
70,52	49,99
70,54	49,99
70,57	49,99
70,59	49,99
70,62	49,99
70,64	49,99
70,67	49,99
70,69	49,99
70,72	49,99
70,74	49,99
70,76	49,99
70,79	49,99
70,81	49,99
70,84	49,99
70,86	49,99
70,89	49,99
70,91	49,99
70,94	49,99
70,96	49,99
70,98	49,99
71,01	49,99
71,03	49,99
71,06	49,99
71,08	49,99
71,11	49,99
71,13	49,99
71,15	49,99
71,18	49,99
71,20	49,99
71,23	49,99
71,25	49,99
71,28	49,99
71,30	49,99
71,33	49,99
71,35	49,99
71,37	49,99
71,40	49,99
71,42	49,99
71,45	49,99
71,47	49,99
71,50	49,99
71,52	49,99
71,55	49,99
71,57	49,99
71,59	49,99
71,62	49,99
71,64	49,99
71,67	49,99
71,69	49,99
71,72	49,99
71,74	49,99
71,77	49,99
71,79	49,99
71,81	49,99
71,84	49,99
71,86	49,99
71,89	49,99
71,91	49,99
71,94	49,99
71,96	49,99
71,99	49,99
72,01	49,99
72,03	49,99
72,06	49,99
72,08	49,99
72,11	49,99
72,13	49,99
72,16	49,99
72,18	49,99
72,20	49,99
72,23	49,99
72,25	49,99
72,28	49,99
72,30	49,99
72,33	49,99
72,35	49,99
72,38	49,99
72,40	49,99
72,42	49,99
72,45	49,99
72,47	49,99
72,50	49,99
72,52	49,99
72,55	49,99
72,57	49,99
72,60	49,99
72,62	49,99
72,64	49,99
72,67	49,99
72,69	49,99
72,72	49,99
72,74	49,99
72,77	49,99
72,79	49,99
72,82	49,99
72,84	49,99
72,86	49,99
72,89	49,99
72,91	49,99
72,94	49,99
72,96	49,99
72,99	49,99
73,01	49,99
73,04	49,99
73,06	49,99
73,08	49,99
73,11	49,99
73,13	49,99
73,16	49,99
73,18	49,99
73,21	49,99
73,23	49,99
73,25	49,99
73,28	49,99
73,30	49,99
73,33	49,99
73,35	49,99
73,38	49,99
73,40	49,99
73,43	49,99
73,45	49,99
73,47	49,99
73,50	49,99
73,52	49,99
73,55	49,99
73,57	49,99
73,60	49,99
73,62	49,99
73,65	49,99
73,67	49,99
73,69	49,99
73,72	49,99
73,74	49,99
73,77	49,99
73,79	49,99
73,82	49,99
73,84	49,99
73,87	49,99
73,89	49,99
73,91	49,99
73,94	49,99
73,96	49,99
73,99	49,99
74,01	49,99
74,04	49,99
74,06	49,99
74,09	49,99
74,11	49,99
74,13	49,99
74,16	49,99
74,18	49,99
74,21	49,99
74,23	49,99
74,26	49,99
74,28	49,99
74,31	49,99
74,33	49,99
74,35	49,99
74,38	49,99
74,40	49,99
74,43	49,99
74,45	49,99
74,48	49,99
74,50	49,99
74,52	49,99
74,55	49,99
74,57	49,99
74,60	49,99
74,62	49,99
74,65	49,99
74,67	49,99
74,70	49,99
74,72	49,99
74,74	49,99
74,77	49,99
74,79	49,99
74,82	49,99
74,84	49,99
74,87	49,99
74,89	49,99
74,92	49,99
74,94	49,99
74,96	49,99
74,99	49,99
75,01	49,99
75,04	49,99
75,06	49,99
75,09	49,99
75,11	49,99
75,14	49,99
75,16	49,99
75,18	49,99
75,21	49,99
75,23	49,99
75,26	49,99
75,28	49,99
75,31	49,99
75,33	49,99
75,36	49,99
75,38	49,99
75,40	49,99
75,43	49,99
75,45	49,99
75,48	49,99
75,50	49,99
75,53	49,99
75,55	49,99
75,57	49,99
75,60	49,99
75,62	49,99
75,65	49,99
75,67	49,99
75,70	49,99
75,72	49,99
75,75	49,99
75,77	49,99
75,79	49,99
75,82	49,99
75,84	49,99
75,87	49,99
75,89	49,99
75,92	49,99
75,94	49,99
75,97	49,99
75,99	49,99
76,01	49,99
76,04	49,99
76,06	49,99
76,09	49,99
76,11	49,99
76,14	49,99
76,16	49,99
76,19	49,99
76,21	49,99
76,23	49,99
76,26	49,99
76,28	49,99
76,31	49,99
76,33	49,99
76,36	49,99
76,38	49,99
76,41	49,99
76,43	49,99
76,45	49,99
76,48	49,99
76,50	49,99
76,53	49,99
76,55	49,99
76,58	49,99
76,60	49,99
76,62	49,99
76,65	49,99
76,67	49,99
76,70	49,99
76,72	49,99
76,75	49,99
76,77	49,99
76,80	49,99
76,82	49,99
76,84	49,99
76,87	49,99
76,89	49,99
76,92	49,99
76,94	49,99
76,97	49,99
76,99	49,99
77,02	49,99
77,04	49,99
77,06	49,99
77,09	49,99
77,11	49,99
77,14	49,99
77,16	49,99
77,19	49,99
77,21	49,99
77,24	49,99
77,26	49,99
77,28	49,99
77,31	49,99
77,33	49,99
77,36	49,99
77,38	49,99
77,41	49,99
77,43	49,99
77,46	49,99
77,48	49,99
77,50	49,99
77,53	49,99
77,55	49,99
77,58	49,99
77,60	49,99
77,63	49,99
77,65	49,99
77,68	49,99
77,70	49,99
77,72	49,99
77,75	49,99
77,77	49,99
77,80	49,99
77,82	49,99
77,85	49,99
77,87	49,99
77,89	49,99
77,92	49,99
77,94	49,99
77,97	49,99
77,99	49,99
78,02	49,99
78,04	49,99
78,07	49,99
78,09	49,99
78,11	49,99
78,14	49,99
78,16	49,99
78,19	49,99
78,21	49,99
78,24	49,99
78,26	49,99
78,29	49,99
78,31	49,99
78,33	49,99
78,36	49,99
78,38	49,99
78,41	49,99
78,43	49,99
78,46	49,99
78,48	49,99
78,51	49,99
78,53	49,99
78,55	49,99
78,58	49,99
78,60	49,99
78,63	49,99
78,65	49,99
78,68	49,99
78,70	49,99
78,73	49,99
78,75	49,99
78,77	49,99
78,80	49,99
78,82	49,99
78,85	49,99
78,87	49,99
78,90	49,99
78,92	49,99
78,94	49,99
78,97	49,99
78,99	49,99
79,02	49,99
79,04	49,99
79,07	49,99
79,09	49,99
79,12	49,99
79,14	49,99
79,16	49,99
79,19	49,99
79,21	49,99
79,24	49,99
79,26	49,99
79,29	49,99
79,31	49,99
79,34	49,99
79,36	49,99
79,38	49,99
79,41	49,99
79,43	49,99
79,46	49,99
79,48	49,99
79,51	49,99
79,53	49,99
79,56	49,99
79,58	49,99
79,60	49,99
79,63	49,99
79,65	49,99
79,68	49,99
79,70	49,99
79,73	49,99
79,75	49,99
79,78	49,99
79,80	49,99
79,82	49,99
79,85	49,99
79,87	49,99
79,90	49,99
79,92	49,99
79,95	49,99
79,97	49,99
79,99	49,99
80,02	49,99
80,04	49,99
80,07	49,99
80,09	49,99
80,12	49,99
80,14	49,99
80,17	49,99
80,19	49,99
80,21	49,99
80,24	49,99
80,26	49,99
80,29	49,99
80,31	49,99
80,34	49,99
80,36	49,99
80,39	49,99
80,41	49,99
80,43	49,99
80,46	49,99
80,48	49,99
80,51	49,99
80,53	49,99
80,56	49,99
80,58	49,99
80,61	49,99
80,63	49,99
80,65	49,99
80,68	49,99
80,70	49,99
80,73	49,99
80,75	49,99
80,78	49,99
80,80	49,99
80,83	49,99
80,85	49,99
80,87	49,99
80,90	49,99
80,92	49,99
80,95	49,99
80,97	49,99
81,00	49,99
81,02	49,99
81,04	49,99
81,07	49,99
81,09	49,99
81,12	49,99
81,14	49,99
81,17	49,99
81,19	49,99
81,22	49,99
81,24	49,99
81,26	49,99
81,29	49,99
81,31	49,99
81,34	49,99
81,36	49,99
81,39	49,99
81,41	49,99
81,44	49,99
81,46	49,99
81,48	49,99
81,51	49,99
81,53	49,99
81,56	49,99
81,58	49,99
81,61	49,99
81,63	49,99
81,66	49,99
81,68	49,99
81,70	49,99
81,73	49,99
81,75	49,99
81,78	49,99
81,80	49,99
81,83	49,99
81,85	49,99
81,88	49,99
81,90	49,99
81,92	49,99
81,95	49,99
81,97	49,99
82,00	49,99
82,02	49,99
82,05	49,99
82,07	49,99
82,10	49,99
82,12	49,99
82,14	49,99
82,17	49,99
82,19	49,99
82,22	49,99
82,24	49,99
82,27	49,99
82,29	49,99
82,31	49,99
82,34	49,99
82,36	49,99
82,39	49,99
82,41	49,99
82,44	49,99
82,46	49,99
82,49	49,99
82,51	49,99
82,53	49,99
82,56	49,99
82,58	49,99
82,61	49,99
82,63	49,99
82,66	49,99
82,68	49,99
82,71	49,99
82,73	49,99
82,75	49,99
82,78	49,99
82,80	49,99
82,83	49,99
82,85	49,99
82,88	49,99
82,90	49,99
82,93	49,99
82,95	49,99
82,97	49,99
83,00	49,99
83,02	49,99
83,05	49,99
83,07	49,99
83,10	49,99
83,12	49,99
83,15	49,99
83,17	49,99
83,19	49,99
83,22	49,99
83,24	49,99
83,27	49,99
83,29	49,99
83,32	49,99
83,34	49,99
83,36	49,99
83,39	49,99
83,41	49,99
83,44	49,99
83,46	49,99
83,49	49,99
83,51	49,99
83,54	49,99
83,56	49,99
83,58	49,99
83,61	49,99
83,63	49,99
83,66	49,99
83,68	49,99
83,71	49,99
83,73	49,99
83,76	49,99
83,78	49,99
83,80	49,99
83,83	49,99
83,85	49,99
83,88	49,99
83,90	49,99
83,93	49,99
83,95	49,99
83,98	49,99
84,00	49,99
84,02	49,99
84,05	49,99
84,07	49,99
84,10	49,99
84,12	49,99
84,15	49,99
84,17	49,99
84,20	49,99
84,22	49,99
84,24	49,99
84,27	49,99
84,29	49,99
84,32	49,99
84,34	49,99
84,37	49,99
84,39	49,99
84,41	49,99
84,44	49,99
84,46	49,99
84,49	49,99
84,51	49,99
84,54	49,99
84,56	49,99
84,59	49,99
84,61	49,99
84,63	49,99
84,66	49,99
84,68	49,99
84,71	49,99
84,73	49,99
84,76	49,99
84,78	49,99
84,81	49,99
84,83	49,99
84,85	49,99
84,88	49,99
84,90	49,99
84,93	49,99
84,95	49,99
84,98	49,99
85,00	49,99
85,03	49,99
85,05	49,99
85,07	49,99
85,10	49,99
85,12	49,99
85,15	49,99
85,17	49,99
85,20	49,99
85,22	49,99
85,25	49,99
85,27	49,99
85,29	49,99
85,32	49,99
85,34	49,99
85,37	49,99
85,39	49,99
85,42	49,99
85,44	49,99
85,47	49,99
85,49	49,99
85,51	49,99
85,54	49,99
85,56	49,99
85,59	49,99
85,61	49,99
85,64	49,99
85,66	49,99
85,68	49,99
85,71	49,99
85,73	49,99
85,76	49,99
85,78	49,99
85,81	49,99
85,83	49,99
85,86	49,99
85,88	49,99
85,90	49,99
85,93	49,99
85,95	49,99
85,98	49,99
86,00	49,99
86,03	49,99
86,05	49,99
86,08	49,99
86,10	49,99
86,12	49,99
86,15	49,99
86,17	49,99
86,20	49,99
86,22	49,99
86,25	49,99
86,27	49,99
86,30	49,99
86,32	49,99
86,34	49,99
86,37	49,99
86,39	49,99
86,42	49,99
86,44	49,99
86,47	49,99
86,49	49,99
86,52	49,99
86,54	49,99
86,56	49,99
86,59	49,99
86,61	49,99
86,64	49,99
86,66	49,99
86,69	49,99
86,71	49,99
86,73	49,99
86,76	49,99
86,78	49,99
86,81	49,99
86,83	49,99
86,86	49,99
86,88	49,99
86,91	49,99
86,93	49,99
86,95	49,99
86,98	49,99
87,00	49,99
87,03	49,99
87,05	49,99
87,08	49,99
87,10	49,99
87,13	49,99
87,15	49,99
87,17	49,99
87,20	49,99
87,22	49,99
87,25	49,99
87,27	49,99
87,30	49,99
87,32	49,99
87,35	49,99
87,37	49,99
87,39	49,99
87,42	49,99
87,44	49,99
87,47	49,99
87,49	49,99
87,52	49,99
87,54	49,99
87,57	49,99
87,59	49,99
87,61	49,99
87,64	49,99
87,66	49,99
87,69	49,99
87,71	49,99
87,74	49,99
87,76	49,99
87,78	49,99
87,81	49,99
87,83	49,99
87,86	49,99
87,88	49,99
87,91	49,99
87,93	49,99
87,96	49,99
87,98	49,99
88,00	49,99
88,03	49,99
88,05	49,99
88,08	49,99
88,10	49,99
88,13	49,99
88,15	49,99
88,18	49,99
88,20	49,99
88,22	49,99
88,25	49,99
88,27	49,99
88,30	49,99
88,32	49,99
88,35	49,99
88,37	49,99
88,40	49,99
88,42	49,99
88,44	49,99
88,47	49,99
88,49	49,99
88,52	49,99
88,54	49,99
88,57	49,99
88,59	49,99
88,62	49,99
88,64	49,99
88,66	49,99
88,69	49,99
88,71	49,99
88,74	49,99
88,76	49,99
88,79	49,99
88,81	49,99
88,83	49,99
88,86	49,99
88,88	49,99
88,91	49,99
88,93	49,99
88,96	49,99
88,98	49,99
89,01	49,99
89,03	49,99
89,05	49,99
89,08	49,99
89,10	49,99
89,13	49,99
89,15	49,99
89,18	49,99
89,20	49,99
89,23	49,99
89,25	49,99
89,27	49,99
89,30	49,99
89,32	49,99
89,35	49,99
89,37	49,99
89,40	49,99
89,42	49,99
89,45	49,99
89,47	49,99
89,49	49,99
89,52	49,99
89,54	49,99
89,57	49,99
89,59	49,99
89,62	49,99
89,64	49,99
89,67	49,99
89,69	49,99
89,71	49,99
89,74	49,99
89,76	49,99
89,79	49,99
89,81	49,99
89,84	49,99
89,86	49,99
89,89	49,99
89,91	49,99
89,93	49,99
89,96	49,99
89,98	49,99
90,01	49,99
90,03	49,99
90,06	49,99
90,08	49,99
90,10	49,99
90,13	49,99
90,15	49,99
90,18	49,99
90,20	49,99
90,23	49,99
90,25	49,99
90,28	49,99
90,30	49,99
90,32	49,99
90,35	49,99
90,37	49,99
90,40	49,99
90,42	49,99
90,45	49,99
90,47	49,99
90,50	49,99
90,52	49,99
90,54	49,99
90,57	49,99
90,59	49,99
90,62	49,99
90,64	49,99
90,67	49,99
90,69	49,99
90,72	49,99
90,74	49,99
90,76	49,99
90,79	49,99
90,81	49,99
90,84	49,99
90,86	49,99
90,89	49,99
90,91	49,99
90,94	49,99
90,96	49,99
90,98	49,99
91,01	49,99
91,03	49,99
91,06	49,99
91,08	49,99
91,11	49,99
91,13	49,99
91,15	49,99
91,18	49,99
91,20	49,99
91,23	49,99
91,25	49,99
91,28	49,99
91,30	49,99
91,33	49,99
91,35	49,99
91,37	49,99
91,40	49,99
91,42	49,99
91,45	49,99
91,47	49,99
91,50	49,99
91,52	49,99
91,55	49,99
91,57	49,99
91,59	49,99
91,62	49,99
91,64	49,99
91,67	49,99
91,69	49,99
91,72	49,99
91,74	49,99
91,77	49,99
91,79	49,99
91,81	49,99
91,84	49,99
91,86	49,99
91,89	49,99
91,91	49,99
91,94	49,99
91,96	49,99
91,99	49,99
92,01	49,99
92,03	49,99
92,06	49,99
92,08	49,99
92,11	49,99
92,13	49,99
92,16	49,99
92,18	49,99
92,20	49,99
92,23	49,99
92,25	49,99
92,28	49,99
92,30	49,99
92,33	49,99
92,35	49,99
92,38	49,99
92,40	49,99
92,42	49,99
92,45	49,99
92,47	49,99
92,50	49,99
92,52	49,99
92,55	49,99
92,57	49,99
92,60	49,99
92,62	49,99
92,64	49,99
92,67	49,99
92,69	49,99
92,72	49,99
92,74	49,99
92,77	49,99
92,79	49,99
92,82	49,99
92,84	49,99
92,86	49,99
92,89	49,99
92,91	49,99
92,94	49,99
92,96	49,99
92,99	49,99
93,01	49,99
93,04	49,99
93,06	49,99
93,08	49,99
93,11	49,99
93,13	49,99
93,16	49,99
93,18	49,99
93,21	49,99
93,23	49,99
93,25	49,99
93,28	49,99
93,30	49,99
93,33	49,99
93,35	49,99
93,38	49,99
93,40	49,99
93,43	49,99
93,45	49,99
93,47	49,99
93,50	49,99
93,52	49,99
93,55	49,99
93,57	49,99
93,60	49,99
93,62	49,99
93,65	49,99
93,67	49,99
93,69	49,99
93,72	49,99
93,74	49,99
93,77	49,99
93,79	49,99
93,82	49,99
93,84	49,99
93,87	49,99
93,89	49,99
93,91	49,99
93,94	49,99
93,96	49,99
93,99	49,99
94,01	49,99
94,04	49,99
94,06	49,99
94,09	49,99
94,11	49,99
94,13	49,99
94,16	49,99
94,18	49,99
94,21	49,99
94,23	49,99
94,26	49,99
94,28	49,99
94,31	49,99
94,33	49,99
94,35	49,99
94,38	49,99
94,40	49,99
94,43	49,99
94,45	49,99
94,48	49,99
94,50	49,99
94,52	49,99
94,55	49,99
94,57	49,99
94,60	49,99
94,62	49,99
94,65	49,99
94,67	49,99
94,70	49,99
94,72	49,99
94,74	49,99
94,77	49,99
94,79	49,99
94,82	49,99
94,84	49,99
94,87	49,99
94,89	49,99
94,92	49,99
94,94	49,99
94,96	49,99
94,99	49,99
95,01	49,99
95,04	49,99
95,06	49,99
95,09	49,99
95,11	49,99
95,14	49,99
95,16	49,99
95,18	49,99
95,21	49,99
95,23	49,99
95,26	49,99
95,28	49,99
95,31	49,99
95,33	49,99
95,36	49,99
95,38	49,99
95,40	49,99
95,43	49,99
95,45	49,99
95,48	49,99
95,50	49,99
95,53	49,99
95,55	49,99
95,57	49,99
95,60	49,99
95,62	49,99
95,65	49,99
95,67	49,99
95,70	49,99
95,72	49,99
95,75	49,99
95,77	49,99
95,79	49,99
95,82	49,99
95,84	49,99
95,87	49,99
95,89	49,99
95,92	49,99
95,94	49,99
95,97	49,99
95,99	49,99
96,01	49,99
96,04	49,99
96,06	49,99
96,09	49,99
96,11	49,99
96,14	49,99
96,16	49,99
96,19	49,99
96,21	49,99
96,23	49,99
96,26	49,99
96,28	49,99
96,31	49,99
96,33	49,99
96,36	49,99
96,38	49,99
96,41	49,99
96,43	49,99
96,45	49,99
96,48	49,99
96,50	49,99
96,53	49,99
96,55	49,99
96,58	49,99
96,60	49,99
96,62	49,99
96,65	49,99
96,67	49,99
96,70	49,99
96,72	49,99
96,75	49,99
96,77	49,99
96,80	49,99
96,82	49,99
96,84	49,99
96,87	49,99
96,89	49,99
96,92	49,99
96,94	49,99
96,97	49,99
96,99	49,99
97,02	49,99
97,04	49,99
97,06	49,99
97,09	49,99
97,11	49,99
97,14	49,99
97,16	49,99
97,19	49,99
97,21	49,99
97,24	50,00
97,26	50,00
97,28	50,00
97,31	50,00