0,02	0,14
0,04	0,13
0,07	0,13
0,09	0,13
0,12	0,12
0,14	0,11
0,17	0,10
0,19	0,11
0,21	0,10
0,24	0,09
0,26	0,09
0,29	0,09
0,31	0,08
0,34	0,08
0,36	0,07
0,39	0,07
0,41	0,07
0,43	0,07
0,46	0,06
0,48	0,06
0,51	0,06
0,53	0,06
0,56	0,05
0,58	0,06
0,61	0,06
0,63	0,06
0,65	0,05
0,68	0,05
0,70	0,05
0,73	0,05
0,75	0,05
0,78	0,05
0,80	0,05
0,83	0,05
0,85	0,05
0,87	0,05
0,90	0,05
0,92	0,05
0,95	0,05
0,97	0,05
1,00	0,05
1,02	0,05
1,05	0,06
1,07	0,06
1,09	0,06
1,12	0,06
1,14	0,06
1,17	0,06
1,19	0,06
1,22	0,06
1,24	0,06
1,26	0,06
1,29	0,06
1,31	0,06
1,34	0,07
1,36	0,07
1,39	0,07
1,41	0,06
1,44	0,06
1,46	0,06
1,48	0,06
1,51	0,06
1,53	0,07
1,56	0,07
1,58	0,07
1,61	0,06
1,63	0,06
1,66	0,06
1,68	0,06
1,70	0,05
1,73	0,07
1,75	0,07
1,78	0,07
1,80	0,06
1,83	0,07
1,85	0,07
1,88	0,07
1,90	0,06
1,92	0,07
1,95	0,07
1,97	0,07
2,00	0,06
2,02	0,07
2,05	0,07
2,07	0,07
2,10	0,06
2,12	0,07
2,14	0,07
2,17	0,07
2,19	0,06
2,22	0,06
2,24	0,06
2,27	0,06
2,29	0,06
2,31	0,07
2,34	0,07
2,36	0,07
2,39	0,06
2,41	0,06
2,44	0,06
2,46	0,06
2,49	0,06
2,51	0,06
2,53	0,06
2,56	0,06
2,58	0,05
2,61	0,05
2,63	0,05
2,66	0,05
2,68	0,05
2,71	0,05
2,73	0,05
2,75	0,05
2,78	0,05
2,80	0,05
2,83	0,05
2,85	0,05
2,88	0,05
2,90	0,05
2,93	0,05
2,95	0,05
2,97	0,05
3,00	0,05
3,02	0,05
3,05	0,04
3,07	0,05
3,10	0,05
3,12	0,05
3,15	0,04
3,17	0,05
3,19	0,05
3,22	0,05
3,24	0,05
3,27	0,05
3,29	0,05
3,32	0,05
3,34	0,06
3,36	0,06
3,39	0,06
3,41	0,06
3,44	0,05
3,46	0,07
3,49	0,07
3,51	0,07
3,54	0,07
3,56	0,08
3,58	0,08
3,61	0,07
3,63	0,07
3,66	0,08
3,68	0,08
3,71	0,08
3,73	0,08
3,76	0,08
3,78	0,08
3,80	0,08
3,83	0,08
3,85	0,08
3,88	0,08
3,90	0,08
3,93	0,08
3,95	0,09
3,98	0,09
4,00	0,09
4,02	0,08
4,05	0,08
4,07	0,08
4,10	0,08
4,12	0,07
4,15	0,07
4,17	0,07
4,20	0,07
4,22	0,06
4,24	0,06
4,27	0,06
4,29	0,06
4,32	0,06
4,34	0,06
4,37	0,06
4,39	0,05
4,42	0,05
4,44	0,05
4,46	0,05
4,49	0,05
4,51	0,04
4,54	0,04
4,56	0,04
4,59	0,04
4,61	0,04
4,63	0,04
4,66	0,04
4,68	0,04
4,71	0,04
4,73	0,04
4,76	0,04
4,78	0,04
4,81	0,04
4,83	0,04
4,85	0,04
4,88	0,05
4,90	0,05
4,93	0,05
4,95	0,05
4,98	0,05
5,00	0,05
5,03	0,05
5,05	0,05
5,07	0,06
5,10	0,06
5,12	0,06
5,15	0,06
5,17	0,06
5,20	0,06
5,22	0,06
5,25	0,06
5,27	0,06
5,29	0,06
5,32	0,06
5,34	0,06
5,37	0,06
5,39	0,07
5,42	0,07
5,44	0,07
5,47	0,07
5,49	0,07
5,51	0,07
5,54	0,07
5,56	0,06
5,59	0,07
5,61	0,07
5,64	0,07
5,66	0,07
5,68	0,08
5,71	0,08
5,73	0,07
5,76	0,07
5,78	0,07
5,81	0,07
5,83	0,06
5,86	0,06
5,88	0,07
5,90	0,07
5,93	0,07
5,95	0,06
5,98	0,06
6,00	0,06
6,03	0,06
6,05	0,04
6,08	0,04
6,10	0,04
6,12	0,04
6,15	0,05
6,17	0,05
6,20	0,05
6,22	0,05
6,25	0,05
6,27	0,05
6,30	0,05
6,32	0,04
6,34	0,05
6,37	0,05
6,39	0,05
6,42	0,05
6,44	0,05
6,47	0,05
6,49	0,05
6,52	0,05
6,54	0,05
6,56	0,05
6,59	0,05
6,61	0,06
6,64	0,06
6,66	0,06
6,69	0,06
6,71	0,06
6,73	0,07
6,76	0,07
6,78	0,07
6,81	0,07
6,83	0,08
6,86	0,08
6,88	0,08
6,91	0,07
6,93	0,08
6,95	0,08
6,98	0,08
7,00	0,07
7,03	0,07
7,05	0,08
7,08	0,08
7,10	0,07
7,13	0,09
7,15	0,09
7,17	0,09
7,20	0,08
7,22	0,08
7,25	0,08
7,27	0,07
7,30	0,07
7,32	0,08
7,35	0,08
7,37	0,08
7,39	0,08
7,42	0,08
7,44	0,08
7,47	0,07
7,49	0,06
7,52	0,06
7,54	0,06
7,57	0,06
7,59	0,06
7,61	0,06
7,64	0,06
7,66	0,05
7,69	0,05
7,71	0,05
7,74	0,05
7,76	0,05
7,78	0,04
7,81	0,04
7,83	0,04
7,86	0,04
7,88	0,04
7,91	0,04
7,93	0,04
7,96	0,04
7,98	0,04
8,00	0,04
8,03	0,04
8,05	0,04
8,08	0,04
8,10	0,04
8,13	0,04
8,15	0,04
8,18	0,05
8,20	0,05
8,22	0,05
8,25	0,04
8,27	0,05
8,30	0,05
8,32	0,05
8,35	0,05
8,37	0,05
8,40	0,05
8,42	0,05
8,44	0,04
8,47	0,05
8,49	0,04
8,52	0,04
8,54	0,05
8,57	0,05
8,59	0,05
8,62	0,05
8,64	0,05
8,66	0,06
8,69	0,06
8,71	0,06
8,74	0,06
8,76	0,07
8,79	0,07
8,81	0,07
8,84	0,06
8,86	0,06
8,88	0,06
8,91	0,06
8,93	0,06
8,96	0,06
8,98	0,06
9,01	0,06
9,03	0,07
9,05	0,07
9,08	0,08
9,10	0,07
9,13	0,07
9,15	0,08
9,18	0,08
9,20	0,07
9,23	0,06
9,25	0,07
9,27	0,07
9,30	0,06
9,32	0,06
9,35	0,06
9,37	0,06
9,40	0,05
9,42	0,05
9,45	0,05
9,47	0,05
9,49	0,05
9,52	0,05
9,54	0,05
9,57	0,05
9,59	0,05
9,62	0,05
9,64	0,05
9,67	0,05
9,69	0,05
9,71	0,04
9,74	0,04
9,76	0,04
9,79	0,04
9,81	0,04
9,84	0,04
9,86	0,04
9,89	0,04
9,91	0,04
9,93	0,04
9,96	0,04
9,98	0,04
10,01	0,04
10,03	0,04
10,06	0,04
10,08	0,04
10,10	0,05
10,13	0,05
10,15	0,05
10,18	0,04
10,20	0,04
10,23	0,04
10,25	0,04
10,28	0,05
10,30	0,05
10,32	0,05
10,35	0,05
10,37	0,05
10,40	0,06
10,42	0,06
10,45	0,06
10,47	0,06
10,50	0,06
10,52	0,06
10,54	0,06
10,57	0,06
10,59	0,06
10,62	0,06
10,64	0,06
10,67	0,07
10,69	0,07
10,72	0,07
10,74	0,06
10,76	0,06
10,79	0,06
10,81	0,06
10,84	0,06
10,86	0,06
10,89	0,06
10,91	0,06
10,94	0,05
10,96	0,05
10,98	0,06
11,01	0,06
11,03	0,05
11,06	0,05
11,08	0,05
11,11	0,05
11,13	0,04
11,15	0,04
11,18	0,05
11,20	0,05
11,23	0,04
11,25	0,05
11,28	0,05
11,30	0,05
11,33	0,05
11,35	0,05
11,37	0,05
11,40	0,05
11,42	0,04
11,45	0,05
11,47	0,05
11,50	0,05
11,52	0,04
11,55	0,04
11,57	0,04
11,59	0,04
11,62	0,04
11,64	0,04
11,67	0,04
11,69	0,04
11,72	0,04
11,74	0,05
11,77	0,05
11,79	0,05
11,81	0,05
11,84	0,05
11,86	0,05
11,89	0,05
11,91	0,04
11,94	0,04
11,96	0,04
11,99	0,04
12,01	0,04
12,03	0,05
12,06	0,05
12,08	0,05
12,11	0,05
12,13	0,05
12,16	0,05
12,18	0,05
12,21	0,06
12,23	0,06
12,25	0,06
12,28	0,06
12,30	0,06
12,33	0,06
12,35	0,06
12,38	0,05
12,40	0,06
12,42	0,06
12,45	0,06
12,47	0,06
12,50	0,06
12,52	0,06
12,55	0,06
12,57	0,06
12,60	0,06
12,62	0,06
12,64	0,06
12,67	0,06
12,69	0,06
12,72	0,07
12,74	0,07
12,77	0,07
12,79	0,08
12,82	0,08
12,84	0,08
12,86	0,07
12,89	0,07
12,91	0,07
12,94	0,07
12,96	0,06
12,99	0,07
13,01	0,07
13,04	0,07
13,06	0,06
13,08	0,06
13,11	0,06
13,13	0,06
13,16	0,05
13,18	0,06
13,21	0,06
13,23	0,06
13,26	0,06
13,28	0,06
13,30	0,06
13,33	0,06
13,35	0,05
13,38	0,05
13,40	0,05
13,43	0,05
13,45	0,04
13,47	0,05
13,50	0,05
13,52	0,04
13,55	0,04
13,57	0,05
13,60	0,05
13,62	0,05
13,65	0,04
13,67	0,05
13,69	0,05
13,72	0,05
13,74	0,05
13,77	0,05
13,79	0,05
13,82	0,05
13,84	0,05
13,87	0,05
13,89	0,05
13,91	0,04
13,94	0,05
13,96	0,05
13,99	0,05
14,01	0,05
14,04	0,04
14,06	0,04
14,09	0,04
14,11	0,04
14,13	0,05
14,16	0,05
14,18	0,05
14,21	0,05
14,23	0,05
14,26	0,05
14,28	0,05
14,31	0,05
14,33	0,06
14,35	0,06
14,38	0,06
14,40	0,05
14,43	0,06
14,45	0,06
14,48	0,06
14,50	0,05
14,52	0,06
14,55	0,06
14,57	0,06
14,60	0,05
14,62	0,06
14,65	0,07
14,67	0,07
14,70	0,06
14,72	0,07
14,74	0,07
14,77	0,07
14,79	0,06
14,82	0,06
14,84	0,06
14,87	0,06
14,89	0,06
14,92	0,07
14,94	0,07
14,96	0,07
14,99	0,06
15,01	0,06
15,04	0,06
15,06	0,06
15,09	0,06
15,11	0,07
15,14	0,07
15,16	0,07
15,18	0,06
15,21	0,06
15,23	0,06
15,26	0,06
15,28	0,06
15,31	0,05
15,33	0,05
15,36	0,06
15,38	0,05
15,40	0,05
15,43	0,05
15,45	0,05
15,48	0,05
15,50	0,05
15,53	0,05
15,55	0,05
15,57	0,05
15,60	0,05
15,62	0,05
15,65	0,05
15,67	0,05
15,70	0,05
15,72	0,05
15,75	0,05
15,77	0,05
15,79	0,05
15,82	0,05
15,84	0,05
15,87	0,06
15,89	0,06
15,92	0,06
15,94	0,06
15,97	0,07
15,99	0,07
16,01	0,06
16,04	0,06
16,06	0,08
16,09	0,08
16,11	0,08
16,14	0,08
16,16	0,08
16,19	0,08
16,21	0,08
16,23	0,07
16,26	0,08
16,28	0,08
16,31	0,08
16,33	0,07
16,36	0,08
16,38	0,08
16,41	0,08
16,43	0,07
16,45	0,08
16,48	0,08
16,50	0,08
16,53	0,07
16,55	0,08
16,58	0,08
16,60	0,08
16,63	0,07
16,65	0,08
16,67	0,08
16,70	0,08
16,72	0,07
16,75	0,07
16,77	0,07
16,80	0,07
16,82	0,07
16,84	0,07
16,87	0,07
16,89	0,07
16,92	0,07
16,94	0,07
16,97	0,07
16,99	0,06
17,02	0,06
17,04	0,07
17,06	0,07
17,09	0,07
17,11	0,07
17,14	0,07
17,16	0,07
17,19	0,06
17,21	0,06
17,24	0,06
17,26	0,06
17,28	0,06
17,31	0,06
17,33	0,06
17,36	0,06
17,38	0,05
17,41	0,06
17,43	0,06
17,46	0,06
17,48	0,06
17,50	0,07
17,53	0,07
17,55	0,07
17,58	0,06
17,60	0,07
17,63	0,07
17,65	0,07
17,68	0,06
17,70	0,07
17,72	0,07
17,75	0,07
17,77	0,06
17,80	0,07
17,82	0,07
17,85	0,07
17,87	0,07
17,89	0,07
17,92	0,07
17,94	0,07
17,97	0,07
17,99	0,08
18,02	0,08
18,04	0,08
18,07	0,07
18,09	0,08
18,11	0,08
18,14	0,08
18,16	0,07
18,19	0,08
18,21	0,08
18,24	0,08
18,26	0,07
18,29	0,08
18,31	0,08
18,33	0,08
18,36	0,07
18,38	0,07
18,41	0,07
18,43	0,07
18,46	0,06
18,48	0,06
18,51	0,06
18,53	0,06
18,55	0,06
18,58	0,06
18,60	0,06
18,63	0,06
18,65	0,05
18,68	0,05
18,70	0,05
18,73	0,04
18,75	0,04
18,77	0,04
18,80	0,04
18,82	0,04
18,85	0,04
18,87	0,04
18,90	0,04
18,92	0,04
18,94	0,04
18,97	0,04
18,99	0,04
19,02	0,04
19,04	0,04
19,07	0,04
19,09	0,04
19,12	0,03
19,14	0,04
19,16	0,04
19,19	0,04
19,21	0,03
19,24	0,04
19,26	0,04
19,29	0,04
19,31	0,03
19,34	0,03
19,36	0,03
19,38	0,03
19,41	0,03
19,43	0,03
19,46	0,03
19,48	0,03
19,51	0,03
19,53	0,03
19,56	0,03
19,58	0,03
19,60	0,02
19,63	0,02
19,65	0,02
19,68	0,02
19,70	0,01
19,73	0,01
19,75	0,01
19,78	0,01
19,80	0,01
19,82	0,01
19,85	0,01
19,87	0,01
19,90	0,01
19,92	0,01
19,95	0,01
19,97	0,01
19,99	0,01
20,02	0,01
20,04	0,01
20,07	0,01
20,09	0,01
20,12	0,01
20,14	0,01
20,17	0,01
20,19	0,01
20,21	0,01
20,24	0,01
20,26	0,01
20,29	0,01
20,31	0,01
20,34	0,01
20,36	0,01
20,39	0,01
20,41	0,01
20,43	0,01
20,46	0,01
20,48	0,01
20,51	0,01
20,53	0,01
20,56	0,01
20,58	0,01
20,61	0,01
20,63	0,01
20,65	0,01
20,68	0,01
20,70	0,01
20,73	0,01
20,75	0,01
20,78	0,01
20,80	0,01
20,83	0,01
20,85	0,01
20,87	0,01
20,90	0,01
20,92	0,01
20,95	0,01
20,97	0,01
21,00	0,01
21,02	0,01
21,05	0,01
21,07	0,01
21,09	0,01
21,12	0,01
21,14	0,01
21,17	0,01
21,19	0,01
21,22	0,01
21,24	0,01
21,26	0,01
21,29	0,01
21,31	0,01
21,34	0,01
21,36	0,01
21,39	0,01
21,41	0,01
21,44	0,01
21,46	0,01
21,48	0,01
21,51	0,01
21,53	0,01
21,56	0,01
21,58	0,01
21,61	0,01
21,63	0,01
21,66	0,01
21,68	0,01
21,70	0,01
21,73	0,01
21,75	0,01
21,78	0,01
21,80	0,01
21,83	0,01
21,85	0,01
21,88	0,01
21,90	0,01
21,92	0,01
21,95	0,01
21,97	0,01
22,00	0,01
22,02	0,01
22,05	0,01
22,07	0,01
22,10	0,01
22,12	0,01
22,14	0,01
22,17	0,01
22,19	0,01
22,22	0,01
22,24	0,01
22,27	0,01
22,29	0,01
22,31	0,01
22,34	0,01
22,36	0,01
22,39	0,01
22,41	0,01
22,44	0,01
22,46	0,01
22,49	0,01
22,51	0,01
22,53	0,01
22,56	0,01
22,58	0,01
22,61	0,01
22,63	0,01
22,66	0,01
22,68	0,01
22,71	0,01
22,73	0,01
22,75	0,01
22,78	0,01
22,80	0,01
22,83	0,01
22,85	0,01
22,88	0,01
22,90	0,01
22,93	0,01
22,95	0,01
22,97	0,01
23,00	0,01
23,02	0,01
23,05	0,01
23,07	0,01
23,10	0,01
23,12	0,01
23,15	0,01
23,17	0,01
23,19	0,01
23,22	0,01
23,24	0,01
23,27	0,01
23,29	0,01
23,32	0,01
23,34	0,01
23,36	0,01
23,39	0,01
23,41	0,01
23,44	0,01
23,46	0,01
23,49	0,01
23,51	0,01
23,54	0,01
23,56	0,01
23,58	0,01
23,61	0,01
23,63	0,01
23,66	0,01
23,68	0,02
23,71	0,02
23,73	0,02
23,76	0,03
23,78	0,03
23,80	0,03
23,83	0,04
23,85	0,05
23,88	0,06
23,90	0,07
23,93	0,07
23,95	0,09
23,98	0,11
24,00	0,12
24,02	0,13
24,05	0,16
24,07	0,18
24,10	0,19
24,12	0,22
24,15	0,25
24,17	0,27
24,20	0,29
24,22	0,33
24,24	0,36
24,27	0,38
24,29	0,40
24,32	0,44
24,34	0,47
24,37	0,50
24,39	0,52
24,42	0,55
24,44	0,59
24,46	0,62
24,49	0,64
24,51	0,67
24,54	0,71
24,56	0,73
24,59	0,76
24,61	0,80
24,63	0,83
24,66	0,86
24,68	0,88
24,71	0,91
24,73	0,94
24,76	0,96
24,78	0,97
24,81	1,00
24,83	1,03
24,85	1,05
24,88	1,07
24,90	1,09
24,93	1,13
24,95	1,14
24,98	1,15
25,00	1,17
25,03	1,21
25,05	1,22
25,07	1,24
25,10	1,26
25,12	1,29
25,15	1,32
25,17	1,33
25,20	1,36
25,22	1,38
25,25	1,40
25,27	1,40
25,29	1,42
25,32	1,46
25,34	1,47
25,37	1,48
25,39	1,50
25,42	1,52
25,44	1,55
25,47	1,55
25,49	1,55
25,51	1,58
25,54	1,58
25,56	1,60
25,59	1,62
25,61	1,64
25,64	1,66
25,66	1,67
25,68	1,68
25,71	1,70
25,73	1,70
25,76	1,72
25,78	1,73
25,81	1,76
25,83	1,77
25,86	1,78
25,88	1,79
25,90	1,82
25,93	1,82
25,95	1,83
25,98	1,84
26,00	1,84
26,03	1,85
26,05	1,85
26,08	1,86
26,10	1,87
26,12	1,88
26,15	1,89
26,17	1,90
26,20	1,91
26,22	1,90
26,25	1,95
26,27	1,98
26,30	2,01
26,32	2,02
26,34	2,03
26,37	2,03
26,39	2,03
26,42	2,03
26,44	2,03
26,47	2,06
26,49	2,08
26,52	2,10
26,54	2,13
26,56	2,16
26,59	2,18
26,61	2,20
26,64	2,22
26,66	2,26
26,69	2,30
26,71	2,31
26,73	2,35
26,76	2,38
26,78	2,42
26,81	2,45
26,83	2,48
26,86	2,51
26,88	2,53
26,91	2,53
26,93	2,53
26,95	2,55
26,98	2,58
27,00	2,60
27,03	2,65
27,05	2,70
27,08	2,73
27,10	2,77
27,13	2,78
27,15	2,78
27,17	2,79
27,20	2,79
27,22	2,81
27,25	2,84
27,27	2,86
27,30	2,89
27,32	2,90
27,35	2,91
27,37	2,96
27,39	2,99
27,42	3,03
27,44	3,07
27,47	3,11
27,49	3,15
27,52	3,20
27,54	3,24
27,57	3,28
27,59	3,32
27,61	3,35
27,64	3,37
27,66	3,41
27,69	3,44
27,71	3,47
27,74	3,50
27,76	3,53
27,78	3,56
27,81	3,60
27,83	3,62
27,86	3,66
27,88	3,67
27,91	3,66
27,93	3,70
27,96	3,74
27,98	3,78
28,00	3,80
28,03	3,82
28,05	3,82
28,08	3,83
28,10	3,83
28,13	3,83
28,15	3,84
28,18	3,85
28,20	3,86
28,22	3,86
28,25	3,89
28,27	3,91
28,30	3,92
28,32	3,93
28,35	3,95
28,37	3,97
28,40	3,98
28,42	3,99
28,44	4,02
28,47	4,06
28,49	4,07
28,52	4,08
28,54	4,09
28,57	4,12
28,59	4,14
28,62	4,14
28,64	4,17
28,66	4,18
28,69	4,18
28,71	4,17
28,74	4,17
28,76	4,18
28,79	4,18
28,81	4,18
28,84	4,22
28,86	4,24
28,88	4,26
28,91	4,25
28,93	4,27
28,96	4,28
28,98	4,26
29,01	4,23
29,03	4,22
29,05	4,20
29,08	4,18
29,10	4,14
29,13	4,13
29,15	4,15
29,18	4,16
29,20	4,19
29,23	4,24
29,25	4,23
29,27	4,23
29,30	4,23
29,32	4,26
29,35	4,28
29,37	4,29
29,40	4,32
29,42	4,36
29,45	4,38
29,47	4,41
29,49	4,41
29,52	4,42
29,54	4,44
29,57	4,45
29,59	4,47
29,62	4,50
29,64	4,55
29,67	4,61
29,69	4,66
29,71	4,71
29,74	4,76
29,76	4,79
29,79	4,83
29,81	4,85
29,84	4,86
29,86	4,88
29,89	4,89
29,91	4,90
29,93	4,91
29,96	4,92
29,98	4,93
30,01	4,95
30,03	4,96
30,06	4,97
30,08	4,97
30,10	4,97
30,13	4,95
30,15	4,93
30,18	4,92
30,20	4,91
30,23	4,88
30,25	4,85
30,28	4,83
30,30	4,80
30,32	4,75
30,35	4,72
30,37	4,71
30,40	4,68
30,42	4,64
30,45	4,61
30,47	4,58
30,50	4,56
30,52	4,52
30,54	4,47
30,57	4,46
30,59	4,44
30,62	4,41
30,64	4,38
30,67	4,35
30,69	4,33
30,72	4,29
30,74	4,26
30,76	4,25
30,79	4,23
30,81	4,21
30,84	4,18
30,86	4,16
30,89	4,15
30,91	4,15
30,94	4,16
30,96	4,18
30,98	4,20
31,01	4,20
31,03	4,21
31,06	4,23
31,08	4,26
31,11	4,27
31,13	4,29
31,15	4,32
31,18	4,34
31,20	4,36
31,23	4,37
31,25	4,38
31,28	4,40
31,30	4,41
31,33	4,43
31,35	4,45
31,37	4,45
31,40	4,46
31,42	4,46
31,45	4,48
31,47	4,48
31,50	4,48
31,52	4,50
31,55	4,50	True
31,57	4,48
31,59	4,47
31,62	4,45
31,64	4,44
31,67	4,40
31,69	4,38
31,72	4,35
31,74	4,34
31,77	4,32
31,79	4,30
31,81	4,29
31,84	4,28
31,86	4,26
31,89	4,24
31,91	4,23
31,94	4,22
31,96	4,19
31,99	4,18
32,01	4,17
32,03	4,17
32,06	4,15
32,08	4,15
32,11	4,17
32,13	4,16
32,16	4,14
32,18	4,13
32,20	4,13
32,23	4,14
32,25	4,13
32,28	4,14
32,30	4,16
32,33	4,19
32,35	4,18
32,38	4,19
32,40	4,19
32,42	4,20
32,45	4,18
32,47	4,16
32,50	4,16
32,52	4,16
32,55	4,15
32,57	4,15
32,60	4,16
32,62	4,18
32,64	4,16
32,67	4,17
32,69	4,19
32,72	4,20
32,74	4,23
32,77	4,24
32,79	4,27
32,82	4,31
32,84	4,32
32,86	4,35
32,89	4,37
32,91	4,37
32,94	4,37
32,96	4,37
32,99	4,36
33,01	4,38
33,04	4,38
33,06	4,39
33,08	4,40
33,11	4,42
33,13	4,42
33,16	4,42
33,18	4,42
33,21	4,42
33,23	4,41
33,26	4,41
33,28	4,40
33,30	4,40
33,33	4,39
33,35	4,39
33,38	4,38
33,40	4,37
33,43	4,35
33,45	4,33
33,47	4,30
33,50	4,27
33,52	4,25
33,55	4,24
33,57	4,23
33,60	4,21
33,62	4,19
33,65	4,21
33,67	4,20
33,69	4,16
33,72	4,13
33,74	4,13
33,77	4,11
33,79	4,09
33,82	4,07
33,84	4,07
33,87	4,06
33,89	4,03
33,91	4,01
33,94	3,99
33,96	3,99
33,99	3,96
34,01	3,93
34,04	3,92
34,06	3,88
34,09	3,83
34,11	3,79
34,13	3,78
34,16	3,76
34,18	3,72
34,21	3,67
34,23	3,65
34,26	3,62
34,28	3,58
34,31	3,53
34,33	3,49
34,35	3,47
34,38	3,43
34,40	3,38
34,43	3,35
34,45	3,31
34,48	3,27
34,50	3,23
34,52	3,20
34,55	3,17
34,57	3,12
34,60	3,07
34,62	3,03
34,65	2,98
34,67	2,94
34,70	2,88
34,72	2,84
34,74	2,81
34,77	2,77
34,79	2,73
34,82	2,70
34,84	2,66
34,87	2,63
34,89	2,59
34,92	2,55
34,94	2,51
34,96	2,46
34,99	2,43
35,01	2,39
35,04	2,35
35,06	2,30
35,09	2,26
35,11	2,22
35,14	2,17
35,16	2,12
35,18	2,08
35,21	2,03
35,23	1,98
35,26	1,95
35,28	1,90
35,31	1,86
35,33	1,82
35,36	1,77
35,38	1,73
35,40	1,68
35,43	1,62
35,45	1,57
35,48	1,53
35,50	1,48
35,53	1,43
35,55	1,39
35,57	1,35
35,60	1,31
35,62	1,25
35,65	1,20
35,67	1,16
35,70	1,11
35,72	1,06
35,75	1,01
35,77	0,98
35,79	0,94
35,82	0,89
35,84	0,84
35,87	0,81
35,89	0,77
35,92	0,71
35,94	0,67
35,97	0,65
35,99	0,61
36,01	0,56
36,04	0,52
36,06	0,48
36,09	0,46
36,11	0,42
36,14	0,38
36,16	0,35
36,19	0,32
36,21	0,29
36,23	0,25
36,26	0,23
36,28	0,22
36,31	0,19
36,33	0,16
36,36	0,15
36,38	0,14
36,41	0,12
36,43	0,10
36,45	0,09
36,48	0,09
36,50	0,07
36,53	0,05
36,55	0,05
36,58	0,05
36,60	0,04
36,62	0,01
36,65	0,01
36,67	0,01
36,70	0,01
36,72	0,01
36,75	0,01
36,77	0,01
36,80	0,01
36,82	0,01
36,84	0,01
36,87	0,01
36,89	0,01
36,92	0,01
36,94	0,01
36,97	0,01
36,99	0,01
37,02	0,01
37,04	0,01
37,06	0,01
37,09	0,01
37,11	0,01
37,14	0,01
37,16	0,01
37,19	0,01
37,21	0,01
37,24	0,01
37,26	0,01
37,28	0,01
37,31	0,01
37,33	0,01
37,36	0,01
37,38	0,01
37,41	0,01
37,43	0,01
37,46	0,01
37,48	0,01
37,50	0,01
37,53	0,01
37,55	0,01
37,58	0,01
37,60	0,01
37,63	0,01
37,65	0,01
37,68	0,01
37,70	0,01
37,72	0,01
37,75	0,01
37,77	0,01
37,80	0,01
37,82	0,01
37,85	0,01
37,87	0,01
37,89	0,01
37,92	0,01
37,94	0,01
37,97	0,01
37,99	0,01
38,02	0,01
38,04	0,01
38,07	0,01
38,09	0,01
38,11	0,01
38,14	0,01
38,16	0,01
38,19	0,01
38,21	0,01
38,24	0,01
38,26	0,01
38,29	0,01
38,31	0,01
38,33	0,01
38,36	0,01
38,38	0,01
38,41	0,01
38,43	0,01
38,46	0,01
38,48	0,01
38,51	0,01
38,53	0,01
38,55	0,01
38,58	0,01
38,60	0,01
38,63	0,01
38,65	0,01
38,68	0,01
38,70	0,01
38,73	0,01
38,75	0,01
38,77	0,01
38,80	0,01
38,82	0,01
38,85	0,01
38,87	0,01
38,90	0,01
38,92	0,01
38,94	0,01
38,97	0,01
38,99	0,01
39,02	0,01
39,04	0,01
39,07	0,01
39,09	0,01
39,12	0,01
39,14	0,01
39,16	0,01
39,19	0,01
39,21	0,01
39,24	0,01
39,26	0,01
39,29	0,01
39,31	0,01
39,34	0,01
39,36	0,01
39,38	0,01
39,41	0,01
39,43	0,01
39,46	0,01
39,48	0,01
39,51	0,01
39,53	0,01
39,56	0,01
39,58	0,01
39,60	0,01
39,63	0,01
39,65	0,01
39,68	0,01
39,70	0,01
39,73	0,01
39,75	0,01
39,78	0,01
39,80	0,01
39,82	0,01
39,85	0,01
39,87	0,01
39,90	0,01
39,92	0,01
39,95	0,01
39,97	0,01
39,99	0,01
40,02	0,01
40,04	0,01
40,07	0,01
40,09	0,01
40,12	0,01
40,14	0,01
40,17	0,01
40,19	0,01
40,21	0,01
40,24	0,01
40,26	0,01
40,29	0,01
40,31	0,01
40,34	0,01
40,36	0,01
40,39	0,01
40,41	0,01
40,43	0,01
40,46	0,01
40,48	0,01
40,51	0,01
40,53	0,01
40,56	0,01
40,58	0,01
40,61	0,01
40,63	0,01
40,65	0,01
40,68	0,01
40,70	0,01
40,73	0,01
40,75	0,01
40,78	0,01
40,80	0,01
40,83	0,01
40,85	0,01
40,87	0,01
40,90	0,01
40,92	0,01
40,95	0,01
40,97	0,01
41,00	0,01
41,02	0,01
41,05	0,01
41,07	0,01
41,09	0,01
41,12	0,01
41,14	0,01
41,17	0,01
41,19	0,01
41,22	0,01
41,24	0,01
41,26	0,01
41,29	0,01
41,31	0,01
41,34	0,01
41,36	0,01
41,39	0,01
41,41	0,01
41,44	0,01
41,46	0,01
41,48	0,01
41,51	0,01
41,53	0,01
41,56	0,01
41,58	0,01
41,61	0,01
41,63	0,01
41,66	0,01
41,68	0,01
41,70	0,01
41,73	0,01
41,75	0,01
41,78	0,01
41,80	0,01
41,83	0,01
41,85	0,01
41,88	0,01
41,90	0,01
41,92	0,01
41,95	0,01
41,97	0,01
42,00	0,01
42,02	0,01
42,05	0,01
42,07	0,01
42,10	0,01
42,12	0,02
42,14	0,02
42,17	0,02
42,19	0,03
42,22	0,04
42,24	0,04
42,27	0,04
42,29	0,06
42,31	0,08
42,34	0,09
42,36	0,09
42,39	0,11
42,41	0,14
42,44	0,14
42,46	0,16
42,49	0,19
42,51	0,22
42,53	0,24
42,56	0,27
42,58	0,31
42,61	0,35
42,63	0,38
42,66	0,41
42,68	0,46
42,71	0,50
42,73	0,53
42,75	0,57
42,78	0,63
42,80	0,68
42,83	0,72
42,85	0,76
42,88	0,81
42,90	0,87
42,93	0,92
42,95	0,95
42,97	1,00
43,00	1,05
43,02	1,10
43,05	1,14
43,07	1,19
43,10	1,25
43,12	1,29
43,15	1,32
43,17	1,38
43,19	1,43
43,22	1,46
43,24	1,49
43,27	1,54
43,29	1,59
43,32	1,63
43,34	1,65
43,36	1,69
43,39	1,73
43,41	1,75
43,44	1,77
43,46	1,79
43,49	1,83
43,51	1,84
43,54	1,88
43,56	1,92
43,58	1,97
43,61	2,01
43,63	2,04
43,66	2,07
43,68	2,11
43,71	2,15
43,73	2,19
43,76	2,23
43,78	2,27
43,80	2,31
43,83	2,35
43,85	2,39
43,88	2,44
43,90	2,47
43,93	2,50
43,95	2,54
43,98	2,58
44,00	2,63
44,02	2,67
44,05	2,73
44,07	2,78
44,10	2,82
44,12	2,88
44,15	2,93
44,17	2,98
44,20	3,01
44,22	3,04
44,24	3,09
44,27	3,12
44,29	3,15
44,32	3,20
44,34	3,24
44,37	3,27
44,39	3,30
44,41	3,34
44,44	3,38
44,46	3,41
44,49	3,43
44,51	3,47
44,54	3,52
44,56	3,55
44,59	3,57
44,61	3,60
44,63	3,64
44,66	3,67
44,68	3,69
44,71	3,73
44,73	3,77
44,76	3,80
44,78	3,82
44,81	3,86
44,83	3,91
44,85	3,93
44,88	3,95
44,90	3,99
44,93	4,03
44,95	4,06
44,98	4,09
45,00	4,12
45,03	4,17
45,05	4,19
45,07	4,22
45,10	4,26
45,12	4,31
45,15	4,34
45,17	4,36
45,20	4,40
45,22	4,45
45,25	4,48
45,27	4,51
45,29	4,56
45,32	4,60
45,34	4,64
45,37	4,67
45,39	4,71
45,42	4,75
45,44	4,78
45,47	4,82
45,49	4,86
45,51	4,90
45,54	4,94
45,56	4,97
45,59	5,02
45,61	5,05
45,64	5,08
45,66	5,11
45,68	5,15
45,71	5,19
45,73	5,23
45,76	5,26
45,78	5,29
45,81	5,33
45,83	5,36
45,86	5,40
45,88	5,43
45,90	5,46
45,93	5,50
45,95	5,53
45,98	5,57
46,00	5,60
46,03	5,62
46,05	5,65
46,08	5,69
46,10	5,71
46,12	5,73
46,15	5,76
46,17	5,80
46,20	5,83
46,22	5,85
46,25	5,88
46,27	5,91
46,30	5,94
46,32	5,97
46,34	6,00
46,37	6,03
46,39	6,05
46,42	6,07
46,44	6,12
46,47	6,16
46,49	6,18
46,52	6,20
46,54	6,24
46,56	6,28
46,59	6,29
46,61	6,30
46,64	6,34
46,66	6,37
46,69	6,40
46,71	6,42
46,73	6,46
46,76	6,50
46,78	6,52
46,81	6,55
46,83	6,59
46,86	6,63
46,88	6,65
46,91	6,69
46,93	6,72
46,95	6,76
46,98	6,79
47,00	6,82
47,03	6,86
47,05	6,90
47,08	6,91
47,10	6,93
47,13	6,97
47,15	7,01
47,17	7,03
47,20	7,06
47,22	7,09
47,25	7,12
47,27	7,15
47,30	7,17
47,32	7,20
47,35	7,24
47,37	7,27
47,39	7,30
47,42	7,34
47,44	7,38
47,47	7,41
47,49	7,44
47,52	7,47
47,54	7,50
47,57	7,52
47,59	7,56
47,61	7,59
47,64	7,63
47,66	7,66
47,69	7,69
47,71	7,72
47,74	7,76
47,76	7,78
47,78	7,81
47,81	7,84
47,83	7,85
47,86	7,88
47,88	7,91
47,91	7,95
47,93	7,98
47,96	8,00
47,98	8,04
48,00	8,06
48,03	8,07
48,05	8,08
48,08	8,10
48,10	8,13
48,13	8,14
48,15	8,14
48,18	8,17
48,20	8,19
48,22	8,19
48,25	8,19
48,27	8,21
48,30	8,22
48,32	8,22
48,35	8,22
48,37	8,24
48,40	8,26
48,42	8,25
48,44	8,26
48,47	8,27
48,49	8,30
48,52	8,29
48,54	8,28
48,57	8,29
48,59	8,30
48,62	8,29
48,64	8,29
48,66	8,29
48,69	8,29
48,71	8,29
48,74	8,28
48,76	8,28
48,79	8,29
48,81	8,28
48,84	8,27
48,86	8,28
48,88	8,30
48,91	8,29
48,93	8,29
48,96	8,30
48,98	8,31
49,01	8,31
49,03	8,32
49,05	8,32
49,08	8,35
49,10	8,36
49,13	8,37
49,15	8,39
49,18	8,41
49,20	8,43
49,23	8,44
49,25	8,46
49,27	8,48
49,30	8,49
49,32	8,52
49,35	8,54
49,37	8,55
49,40	8,57
49,42	8,59
49,45	8,60
49,47	8,62
49,49	8,63
49,52	8,65
49,54	8,65
49,57	8,67
49,59	8,69
49,62	8,71
49,64	8,73
49,67	8,73
49,69	8,73
49,71	8,75
49,74	8,75
49,76	8,74
49,79	8,74
49,81	8,75
49,84	8,75
49,86	8,75
49,89	8,75
49,91	8,77
49,93	8,77
49,96	8,77
49,98	8,77
50,01	8,78
50,03	8,80
50,06	8,79
50,08	8,80
50,10	8,82
50,13	8,83	True
50,15	8,82
50,18	8,81
50,20	8,82
50,23	8,82
50,25	8,81
50,28	8,80
50,30	8,81
50,32	8,80
50,35	8,78
50,37	8,78
50,40	8,77
50,42	8,78
50,45	8,76
50,47	8,73
50,50	8,73
50,52	8,73
50,54	8,71
50,57	8,70
50,59	8,69
50,62	8,69
50,64	8,66
50,67	8,64
50,69	8,65
50,72	8,64
50,74	8,61
50,76	8,59
50,79	8,59
50,81	8,58
50,84	8,56
50,86	8,55
50,89	8,54
50,91	8,53
50,94	8,50
50,96	8,48
50,98	8,46
51,01	8,46
51,03	8,43
51,06	8,42
51,08	8,41
51,11	8,39
51,13	8,37
51,15	8,35
51,18	8,32
51,20	8,30
51,23	8,28
51,25	8,25
51,28	8,24
51,30	8,21
51,33	8,19
51,35	8,15
51,37	8,13
51,40	8,09
51,42	8,06
51,45	8,02
51,47	7,99
51,50	7,96
51,52	7,93
51,55	7,90
51,57	7,87
51,59	7,82
51,62	7,78
51,64	7,76
51,67	7,72
51,69	7,67
51,72	7,62
51,74	7,59
51,77	7,55
51,79	7,50
51,81	7,46
51,84	7,43
51,86	7,40
51,89	7,35
51,91	7,30
51,94	7,27
51,96	7,23
51,99	7,18
52,01	7,13
52,03	7,11
52,06	7,08
52,08	7,02
52,11	6,98
52,13	6,94
52,16	6,91
52,18	6,85
52,20	6,80
52,23	6,78
52,25	6,74
52,28	6,68
52,30	6,63
52,33	6,59
52,35	6,56
52,38	6,51
52,40	6,45
52,42	6,42
52,45	6,38
52,47	6,32
52,50	6,28
52,52	6,24
52,55	6,19
52,57	6,13
52,60	6,07
52,62	6,03
52,64	5,98
52,67	5,92
52,69	5,85
52,72	5,80
52,74	5,76
52,77	5,71
52,79	5,66
52,82	5,61
52,84	5,55
52,86	5,49
52,89	5,43
52,91	5,37
52,94	5,32
52,96	5,26
52,99	5,21
53,01	5,15
53,04	5,09
53,06	5,03
53,08	4,97
53,11	4,91
53,13	4,85
53,16	4,78
53,18	4,73
53,21	4,67
53,23	4,60
53,26	4,55
53,28	4,49
53,30	4,44
53,33	4,37
53,35	4,31
53,38	4,25
53,40	4,18
53,43	4,11
53,45	4,05
53,47	3,99
53,50	3,93
53,52	3,86
53,55	3,78
53,57	3,74
53,60	3,68
53,62	3,61
53,65	3,55
53,67	3,49
53,69	3,44
53,72	3,37
53,74	3,32
53,77	3,28
53,79	3,22
53,82	3,15
53,84	3,09
53,87	3,03
53,89	2,98
53,91	2,91
53,94	2,85
53,96	2,79
53,99	2,73
54,01	2,68
54,04	2,62
54,06	2,56
54,09	2,51
54,11	2,45
54,13	2,40
54,16	2,35
54,18	2,30
54,21	2,25
54,23	2,20
54,26	2,14
54,28	2,10
54,31	2,04
54,33	1,97
54,35	1,91
54,38	1,86
54,40	1,81
54,43	1,74
54,45	1,69
54,48	1,64
54,50	1,58
54,52	1,52
54,55	1,47
54,57	1,42
54,60	1,36
54,62	1,31
54,65	1,27
54,67	1,21
54,70	1,16
54,72	1,11
54,74	1,06
54,77	1,00
54,79	0,95
54,82	0,90
54,84	0,84
54,87	0,79
54,89	0,74
54,92	0,69
54,94	0,64
54,96	0,60
54,99	0,55
55,01	0,51
55,04	0,47
55,06	0,42
55,09	0,38
55,11	0,35
55,14	0,32
55,16	0,28
55,18	0,25
55,21	0,23
55,23	0,21
55,26	0,17
55,28	0,15
55,31	0,13
55,33	0,11
55,36	0,09
55,38	0,07
55,40	0,06
55,43	0,05
55,45	0,03
55,48	0,03
55,50	0,03
55,53	0,02
55,55	0,01
55,57	0,01
55,60	0,01
55,62	0,01
55,65	0,01
55,67	0,01
55,70	0,01
55,72	0,01
55,75	0,01
55,77	0,01
55,79	0,01
55,82	0,01
55,84	0,01
55,87	0,01
55,89	0,01
55,92	0,01
55,94	0,01
55,97	0,01
55,99	0,01
56,01	0,01
56,04	0,01
56,06	0,01
56,09	0,01
56,11	0,01
56,14	0,01
56,16	0,01
56,19	0,01
56,21	0,01
56,23	0,01
56,26	0,01
56,28	0,01
56,31	0,01
56,33	0,01
56,36	0,01
56,38	0,01
56,41	0,01
56,43	0,01
56,45	0,01
56,48	0,01
56,50	0,01
56,53	0,01
56,55	0,01
56,58	0,01
56,60	0,01
56,62	0,01
56,65	0,01
56,67	0,01
56,70	0,01
56,72	0,01
56,75	0,01
56,77	0,01
56,80	0,01
56,82	0,01
56,84	0,01
56,87	0,01
56,89	0,01
56,92	0,01
56,94	0,01
56,97	0,01
56,99	0,01
57,02	0,01
57,04	0,01
57,06	0,01
57,09	0,01
57,11	0,01
57,14	0,01
57,16	0,01
57,19	0,01
57,21	0,01
57,24	0,01
57,26	0,01
57,28	0,01
57,31	0,01
57,33	0,01
57,36	0,01
57,38	0,01
57,41	0,01
57,43	0,01
57,46	0,01
57,48	0,01
57,50	0,01
57,53	0,01
57,55	0,01
57,58	0,01
57,60	0,01
57,63	0,01
57,65	0,01
57,68	0,01
57,70	0,01
57,72	0,01
57,75	0,01
57,77	0,01
57,80	0,01
57,82	0,01
57,85	0,01
57,87	0,01
57,89	0,01
57,92	0,01
57,94	0,01
57,97	0,01
57,99	0,01
58,02	0,01
58,04	0,01
58,07	0,01
58,09	0,01
58,11	0,01
58,14	0,01
58,16	0,01
58,19	0,01
58,21	0,01
58,24	0,01
58,26	0,01
58,29	0,01
58,31	0,01
58,33	0,01
58,36	0,01
58,38	0,01
58,41	0,01
58,43	0,01
58,46	0,01
58,48	0,01
58,51	0,01
58,53	0,01
58,55	0,01
58,58	0,01
58,60	0,01
58,63	0,01
58,65	0,01
58,68	0,01
58,70	0,01
58,73	0,01
58,75	0,01
58,77	0,01
58,80	0,01
58,82	0,01
58,85	0,01
58,87	0,01
58,90	0,01
58,92	0,01
58,94	0,01
58,97	0,01
58,99	0,01
59,02	0,01
59,04	0,01
59,07	0,01
59,09	0,01
59,12	0,01
59,14	0,01
59,16	0,01
59,19	0,01
59,21	0,01
59,24	0,01
59,26	0,01
59,29	0,01
59,31	0,01
59,34	0,01
59,36	0,01
59,38	0,01
59,41	0,01
59,43	0,01
59,46	0,01
59,48	0,01
59,51	0,01
59,53	0,01
59,56	0,01
59,58	0,01
59,60	0,01
59,63	0,01
59,65	0,01
59,68	0,01
59,70	0,01
59,73	0,01
59,75	0,01
59,78	0,01
59,80	0,01
59,82	0,01
59,85	0,01
59,87	0,01
59,90	0,01
59,92	0,01
59,95	0,01
59,97	0,01
59,99	0,01
60,02	0,01
60,04	0,01
60,07	0,01
60,09	0,01
60,12	0,01
60,14	0,01
60,17	0,01
60,19	0,01
60,21	0,01
60,24	0,01
60,26	0,01
60,29	0,01
60,31	0,01
60,34	0,01
60,36	0,01
60,39	0,01
60,41	0,01
60,43	0,01
60,46	0,01
60,48	0,01
60,51	0,01
60,53	0,01
60,56	0,01
60,58	0,01
60,61	0,01
60,63	0,01
60,65	0,01
60,68	0,01
60,70	0,01
60,73	0,01
60,75	0,01
60,78	0,01
60,80	0,01
60,83	0,01
60,85	0,01
60,87	0,01
60,90	0,01
60,92	0,01
60,95	0,01
60,97	0,01
61,00	0,01
61,02	0,01
61,05	0,01
61,07	0,01
61,09	0,01
61,12	0,01
61,14	0,01
61,17	0,01
61,19	0,01
61,22	0,01
61,24	0,01
61,26	0,01
61,29	0,01
61,31	0,01
61,34	0,01
61,36	0,01
61,39	0,01
61,41	0,01
61,44	0,01
61,46	0,01
61,48	0,01
61,51	0,01
61,53	0,01
61,56	0,01
61,58	0,01
61,61	0,01
61,63	0,01
61,66	0,01
61,68	0,01
61,70	0,01
61,73	0,02
61,75	0,02
61,78	0,02
61,80	0,02
61,83	0,02
61,85	0,01
61,88	0,02
61,90	0,02
61,92	0,02
61,95	0,02
61,97	0,02
62,00	0,03
62,02	0,04
62,05	0,04
62,07	0,04
62,10	0,06
62,12	0,08
62,14	0,09
62,17	0,12
62,19	0,15
62,22	0,17
62,24	0,19
62,27	0,21
62,29	0,24
62,31	0,27
62,34	0,29
62,36	0,32
62,39	0,35
62,41	0,39
62,44	0,41
62,46	0,45
62,49	0,49
62,51	0,52
62,53	0,55
62,56	0,58
62,58	0,62
62,61	0,66
62,63	0,70
62,66	0,75
62,68	0,80
62,71	0,86
62,73	0,89
62,75	0,93
62,78	0,98
62,80	1,01
62,83	1,03
62,85	1,06
62,88	1,11
62,90	1,15
62,93	1,18
62,95	1,21
62,97	1,26
63,00	1,32
63,02	1,35
63,05	1,38
63,07	1,43
63,10	1,48
63,12	1,51
63,15	1,55
63,17	1,60
63,19	1,65
63,22	1,67
63,24	1,71
63,27	1,76
63,29	1,80
63,32	1,84
63,34	1,87
63,36	1,92
63,39	1,98
63,41	2,02
63,44	2,07
63,46	2,13
63,49	2,19
63,51	2,23
63,54	2,29
63,56	2,35
63,58	2,41
63,61	2,47
63,63	2,52
63,66	2,58
63,68	2,63
63,71	2,69
63,73	2,74
63,76	2,80
63,78	2,86
63,80	2,91
63,83	2,96
63,85	3,02
63,88	3,08
63,90	3,15
63,93	3,21
63,95	3,27
63,98	3,31
64,00	3,35
64,02	3,39
64,05	3,43
64,07	3,47
64,10	3,50
64,12	3,54
64,15	3,59
64,17	3,63
64,20	3,65
64,22	3,69
64,24	3,72
64,27	3,73
64,29	3,75
64,32	3,77
64,34	3,80
64,37	3,81
64,39	3,84
64,41	3,87
64,44	3,91
64,46	3,94
64,49	3,98
64,51	4,01
64,54	4,05
64,56	4,07
64,59	4,08
64,61	4,13
64,63	4,18
64,66	4,22
64,68	4,27
64,71	4,33
64,73	4,39
64,76	4,43
64,78	4,47
64,81	4,52
64,83	4,57
64,85	4,62
64,88	4,66
64,90	4,72
64,93	4,77
64,95	4,81
64,98	4,86
65,00	4,92
65,03	4,97
65,05	5,00
65,07	5,05
65,10	5,10
65,12	5,16
65,15	5,18
65,17	5,22
65,20	5,27
65,22	5,32
65,25	5,38
65,27	5,42
65,29	5,45
65,32	5,49
65,34	5,52
65,37	5,54
65,39	5,59
65,42	5,62
65,44	5,65
65,47	5,67
65,49	5,69
65,51	5,72
65,54	5,74
65,56	5,77
65,59	5,82
65,61	5,85
65,64	5,88
65,66	5,91
65,68	5,94
65,71	5,97
65,73	5,99
65,76	6,02
65,78	6,02
65,81	6,03
65,83	6,06
65,86	6,09
65,88	6,11
65,90	6,13
65,93	6,14
65,95	6,19
65,98	6,20
66,00	6,20
66,03	6,21
66,05	6,22
66,08	6,24
66,10	6,25
66,12	6,27
66,15	6,31
66,17	6,36
66,20	6,40
66,22	6,46
66,25	6,52
66,27	6,58
66,30	6,63
66,32	6,68
66,34	6,75
66,37	6,82
66,39	6,86
66,42	6,92
66,44	6,99
66,47	7,06
66,49	7,09
66,52	7,15
66,54	7,22
66,56	7,28
66,59	7,32
66,61	7,36
66,64	7,42
66,66	7,49
66,69	7,54
66,71	7,61
66,73	7,69
66,76	7,73
66,78	7,77
66,81	7,79
66,83	7,82
66,86	7,85
66,88	7,85
66,91	7,85
66,93	7,88
66,95	7,90
66,98	7,92
67,00	7,92
67,03	7,95
67,05	7,98
67,08	7,99
67,10	8,01
67,13	8,03
67,15	8,05
67,17	8,06
67,20	8,07
67,22	8,08
67,25	8,10
67,27	8,10
67,30	8,13
67,32	8,16
67,35	8,17
67,37	8,18
67,39	8,21
67,42	8,24
67,44	8,27
67,47	8,30
67,49	8,33
67,52	8,37
67,54	8,38
67,57	8,40
67,59	8,42
67,61	8,44
67,64	8,45
67,66	8,47
67,69	8,49
67,71	8,51
67,74	8,52
67,76	8,53
67,78	8,55
67,81	8,57
67,83	8,59
67,86	8,60
67,88	8,64
67,91	8,65
67,93	8,65
67,96	8,65
67,98	8,67
68,00	8,68
68,03	8,68
68,05	8,67
68,08	8,68
68,10	8,69
68,13	8,68
68,15	8,68
68,18	8,69
68,20	8,70
68,22	8,69
68,25	8,68
68,27	8,71
68,30	8,71
68,32	8,70
68,35	8,69
68,37	8,69
68,40	8,69
68,42	8,69
68,44	8,68
68,47	8,70
68,49	8,70
68,52	8,68
68,54	8,68
68,57	8,68
68,59	8,69
68,62	8,67
68,64	8,66
68,66	8,67
68,69	8,66
68,71	8,65
68,74	8,65
68,76	8,66
68,79	8,67
68,81	8,66
68,83	8,67
68,86	8,69
68,88	8,69
68,91	8,69
68,93	8,69
68,96	8,70
68,98	8,71
69,01	8,70
69,03	8,72
69,05	8,73	True
69,08	8,71
69,10	8,70
69,13	8,70
69,15	8,70
69,18	8,70
69,20	8,69
69,23	8,69
69,25	8,70
69,27	8,68
69,30	8,69
69,32	8,69
69,35	8,68
69,37	8,67
69,40	8,65
69,42	8,64
69,45	8,62
69,47	8,59
69,49	8,57
69,52	8,55
69,54	8,52
69,57	8,49
69,59	8,46
69,62	8,45
69,64	8,42
69,67	8,38
69,69	8,37
69,71	8,35
69,74	8,33
69,76	8,30
69,79	8,27
69,81	8,26
69,84	8,23
69,86	8,19
69,89	8,16
69,91	8,14
69,93	8,13
69,96	8,09
69,98	8,06
70,01	8,05
70,03	8,02
70,06	7,99
70,08	7,96
70,10	7,94
70,13	7,93
70,15	7,89
70,18	7,86
70,20	7,86
70,23	7,83
70,25	7,80
70,28	7,77
70,30	7,75
70,32	7,72
70,35	7,68
70,37	7,64
70,40	7,62
70,42	7,59
70,45	7,55
70,47	7,52
70,50	7,50
70,52	7,47
70,54	7,43
70,57	7,39
70,59	7,37
70,62	7,33
70,64	7,29
70,67	7,26
70,69	7,24
70,72	7,20
70,74	7,17
70,76	7,14
70,79	7,11
70,81	7,07
70,84	7,03
70,86	6,99
70,89	6,96
70,91	6,93
70,94	6,89
70,96	6,86
70,98	6,83
71,01	6,79
71,03	6,76
71,06	6,73
71,08	6,69
71,11	6,66
71,13	6,62
71,15	6,59
71,18	6,56
71,20	6,52
71,23	6,48
71,25	6,46
71,28	6,42
71,30	6,38
71,33	6,34
71,35	6,30
71,37	6,27
71,40	6,23
71,42	6,19
71,45	6,16
71,47	6,12
71,50	6,08
71,52	6,04
71,55	6,01
71,57	5,97
71,59	5,92
71,62	5,88
71,64	5,85
71,67	5,81
71,69	5,77
71,72	5,73
71,74	5,70
71,77	5,66
71,79	5,61
71,81	5,56
71,84	5,52
71,86	5,48
71,89	5,44
71,91	5,39
71,94	5,36
71,96	5,31
71,99	5,26
72,01	5,22
72,03	5,19
72,06	5,14
72,08	5,08
72,11	5,04
72,13	5,01
72,16	4,96
72,18	4,91
72,20	4,88
72,23	4,84
72,25	4,79
72,28	4,73
72,30	4,68
72,33	4,65
72,35	4,60
72,38	4,55
72,40	4,51
72,42	4,48
72,45	4,42
72,47	4,37
72,50	4,33
72,52	4,31
72,55	4,26
72,57	4,21
72,60	4,17
72,62	4,13
72,64	4,09
72,67	4,04
72,69	4,01
72,72	3,97
72,74	3,92
72,77	3,87
72,79	3,82
72,82	3,78
72,84	3,73
72,86	3,68
72,89	3,64
72,91	3,61
72,94	3,56
72,96	3,52
72,99	3,48
73,01	3,43
73,04	3,39
73,06	3,34
73,08	3,30
73,11	3,26
73,13	3,21
73,16	3,17
73,18	3,13
73,21	3,08
73,23	3,02
73,25	2,98
73,28	2,94
73,30	2,89
73,33	2,84
73,35	2,80
73,38	2,76
73,40	2,71
73,43	2,66
73,45	2,61
73,47	2,58
73,50	2,53
73,52	2,47
73,55	2,43
73,57	2,39
73,60	2,35
73,62	2,30
73,65	2,26
73,67	2,22
73,69	2,18
73,72	2,11
73,74	2,07
73,77	2,03
73,79	1,98
73,82	1,92
73,84	1,87
73,87	1,84
73,89	1,78
73,91	1,72
73,94	1,68
73,96	1,64
73,99	1,58
74,01	1,52
74,04	1,48
74,06	1,45
74,09	1,40
74,11	1,35
74,13	1,32
74,16	1,28
74,18	1,24
74,21	1,18
74,23	1,14
74,26	1,10
74,28	1,06
74,31	1,00
74,33	0,97
74,35	0,93
74,38	0,89
74,40	0,84
74,43	0,81
74,45	0,79
74,48	0,75
74,50	0,71
74,52	0,68
74,55	0,65
74,57	0,63
74,60	0,59
74,62	0,56
74,65	0,54
74,67	0,50
74,70	0,46
74,72	0,43
74,74	0,40
74,77	0,38
74,79	0,34
74,82	0,31
74,84	0,29
74,87	0,26
74,89	0,23
74,92	0,21
74,94	0,20
74,96	0,18
74,99	0,15
75,01	0,13
75,04	0,13
75,06	0,11
75,09	0,10
75,11	0,08
75,14	0,08
75,16	0,07
75,18	0,05
75,21	0,04
75,23	0,04
75,26	0,03
75,28	0,02
75,31	0,02
75,33	0,02
75,36	0,01
75,38	0,01
75,40	0,01
75,43	0,01
75,45	0,01
75,48	0,01
75,50	0,01
75,53	0,01
75,55	0,01
75,57	0,01
75,60	0,01
75,62	0,01
75,65	0,01
75,67	0,01
75,70	0,01
75,72	0,01
75,75	0,01
75,77	0,01
75,79	0,01
75,82	0,01
75,84	0,01
75,87	0,01
75,89	0,01
75,92	0,01
75,94	0,01
75,97	0,01
75,99	0,01
76,01	0,01
76,04	0,01
76,06	0,01
76,09	0,01
76,11	0,01
76,14	0,01
76,16	0,01
76,19	0,01
76,21	0,01
76,23	0,01
76,26	0,01
76,28	0,01
76,31	0,01
76,33	0,01
76,36	0,01
76,38	0,01
76,41	0,01
76,43	0,01
76,45	0,01
76,48	0,01
76,50	0,01
76,53	0,01
76,55	0,01
76,58	0,01
76,60	0,01
76,62	0,01
76,65	0,01
76,67	0,01
76,70	0,01
76,72	0,01
76,75	0,01
76,77	0,01
76,80	0,01
76,82	0,01
76,84	0,01
76,87	0,01
76,89	0,01
76,92	0,01
76,94	0,01
76,97	0,01
76,99	0,01
77,02	0,01
77,04	0,01
77,06	0,01
77,09	0,01
77,11	0,01
77,14	0,01
77,16	0,01
77,19	0,01
77,21	0,01
77,24	0,01
77,26	0,01
77,28	0,01
77,31	0,01
77,33	0,01
77,36	0,01
77,38	0,01
77,41	0,01
77,43	0,01
77,46	0,01
77,48	0,01
77,50	0,01
77,53	0,01
77,55	0,01
77,58	0,01
77,60	0,01
77,63	0,01
77,65	0,01
77,68	0,01
77,70	0,01
77,72	0,01
77,75	0,01
77,77	0,01
77,80	0,01
77,82	0,01
77,85	0,01
77,87	0,01
77,89	0,01
77,92	0,01
77,94	0,01
77,97	0,01
77,99	0,01
78,02	0,01
78,04	0,01
78,07	0,01
78,09	0,01
78,11	0,01
78,14	0,01
78,16	0,01
78,19	0,01
78,21	0,01
78,24	0,01
78,26	0,01
78,29	0,01
78,31	0,01
78,33	0,01
78,36	0,01
78,38	0,01
78,41	0,01
78,43	0,01
78,46	0,01
78,48	0,01
78,51	0,01
78,53	0,01
78,55	0,01
78,58	0,01
78,60	0,01
78,63	0,01
78,65	0,01
78,68	0,01
78,70	0,01
78,73	0,01
78,75	0,01
78,77	0,01
78,80	0,01
78,82	0,01
78,85	0,01
78,87	0,01
78,90	0,01
78,92	0,01
78,94	0,01
78,97	0,01
78,99	0,01
79,02	0,01
79,04	0,01
79,07	0,01
79,09	0,01
79,12	0,01
79,14	0,01
79,16	0,01
79,19	0,01
79,21	0,01
79,24	0,01
79,26	0,01
79,29	0,01
79,31	0,01
79,34	0,01
79,36	0,01
79,38	0,01
79,41	0,01
79,43	0,01
79,46	0,01
79,48	0,01
79,51	0,01
79,53	0,01
79,56	0,01
79,58	0,01
79,60	0,01
79,63	0,01
79,65	0,01
79,68	0,01
79,70	0,01
79,73	0,01
79,75	0,01
79,78	0,01
79,80	0,01
79,82	0,01
79,85	0,01
79,87	0,01
79,90	0,01
79,92	0,01
79,95	0,01
79,97	0,01
79,99	0,01
80,02	0,01
80,04	0,01
80,07	0,01
80,09	0,01
80,12	0,01
80,14	0,01
80,17	0,01
80,19	0,01
80,21	0,01
80,24	0,01
80,26	0,01
80,29	0,01
80,31	0,01
80,34	0,01
80,36	0,01
80,39	0,01
80,41	0,01
80,43	0,01
80,46	0,01
80,48	0,01
80,51	0,01
80,53	0,01
80,56	0,01
80,58	0,01
80,61	0,01
80,63	0,01
80,65	0,01
80,68	0,01
80,70	0,01
80,73	0,01
80,75	0,01
80,78	0,01
80,80	0,01
80,83	0,01
80,85	0,01
80,87	0,01
80,90	0,01
80,92	0,01
80,95	0,01
80,97	0,01
81,00	0,01
81,02	0,01
81,04	0,01
81,07	0,01
81,09	0,01
81,12	0,01
81,14	0,01
81,17	0,01
81,19	0,01
81,22	0,01
81,24	0,02
81,26	0,02
81,29	0,02
81,31	0,02
81,34	0,03
81,36	0,03
81,39	0,03
81,41	0,04
81,44	0,05
81,46	0,05
81,48	0,05
81,51	0,07
81,53	0,08
81,56	0,10
81,58	0,11
81,61	0,14
81,63	0,16
81,66	0,16
81,68	0,18
81,70	0,21
81,73	0,23
81,75	0,25
81,78	0,27
81,80	0,31
81,83	0,34
81,85	0,36
81,88	0,38
81,90	0,43
81,92	0,46
81,95	0,49
81,97	0,52
82,00	0,56
82,02	0,59
82,05	0,63
82,07	0,67
82,10	0,73
82,12	0,78
82,14	0,82
82,17	0,85
82,19	0,91
82,22	0,95
82,24	0,98
82,27	1,02
82,29	1,08
82,31	1,13
82,34	1,17
82,36	1,22
82,39	1,28
82,41	1,33
82,44	1,36
82,46	1,41
82,49	1,46
82,51	1,52
82,53	1,56
82,56	1,60
82,58	1,66
82,61	1,71
82,63	1,75
82,66	1,80
82,68	1,85
82,71	1,90
82,73	1,93
82,75	1,95
82,78	2,01
82,80	2,05
82,83	2,08
82,85	2,11
82,88	2,16
82,90	2,21
82,93	2,25
82,95	2,29
82,97	2,35
83,00	2,40
83,02	2,44
83,05	2,49
83,07	2,55
83,10	2,60
83,12	2,64
83,15	2,69
83,17	2,75
83,19	2,80
83,22	2,85
83,24	2,89
83,27	2,95
83,29	3,02
83,32	3,06
83,34	3,11
83,36	3,17
83,39	3,23
83,41	3,27
83,44	3,33
83,46	3,37
83,49	3,43
83,51	3,48
83,54	3,54
83,56	3,59
83,58	3,63
83,61	3,67
83,63	3,71
83,66	3,75
83,68	3,79
83,71	3,81
83,73	3,86
83,76	3,90
83,78	3,94
83,80	3,98
83,83	4,02
83,85	4,07
83,88	4,09
83,90	4,12
83,93	4,17
83,95	4,20
83,98	4,24
84,00	4,28
84,02	4,33
84,05	4,37
84,07	4,41
84,10	4,44
84,12	4,51
84,15	4,55
84,17	4,57
84,20	4,62
84,22	4,67
84,24	4,72
84,27	4,76
84,29	4,80
84,32	4,86
84,34	4,91
84,37	4,95
84,39	4,99
84,41	5,04
84,44	5,09
84,46	5,12
84,49	5,16
84,51	5,22
84,54	5,27
84,56	5,31
84,59	5,35
84,61	5,40
84,63	5,44
84,66	5,47
84,68	5,50
84,71	5,56
84,73	5,60
84,76	5,62
84,78	5,64
84,81	5,68
84,83	5,72
84,85	5,75
84,88	5,77
84,90	5,81
84,93	5,85
84,95	5,86
84,98	5,90
85,00	5,93
85,03	5,96
85,05	5,98
85,07	6,00
85,10	6,04
85,12	6,06
85,15	6,07
85,17	6,10
85,20	6,14
85,22	6,17
85,25	6,19
85,27	6,22
85,29	6,28
85,32	6,30
85,34	6,34
85,37	6,38
85,39	6,41
85,42	6,45
85,44	6,49
85,47	6,53
85,49	6,58
85,51	6,61
85,54	6,65
85,56	6,68
85,59	6,72
85,61	6,76
85,64	6,80
85,66	6,84
85,68	6,89
85,71	6,92
85,73	6,97
85,76	7,02
85,78	7,06
85,81	7,09
85,83	7,13
85,86	7,18
85,88	7,22
85,90	7,24
85,93	7,28
85,95	7,31
85,98	7,34
86,00	7,37
86,03	7,40
86,05	7,44
86,08	7,47
86,10	7,49
86,12	7,52
86,15	7,56
86,17	7,59
86,20	7,61
86,22	7,64
86,25	7,68
86,27	7,70
86,30	7,72
86,32	7,75
86,34	7,79
86,37	7,82
86,39	7,83
86,42	7,85
86,44	7,90
86,47	7,93
86,49	7,93
86,52	7,96
86,54	7,99
86,56	8,02
86,59	8,03
86,61	8,05
86,64	8,09
86,66	8,11
86,69	8,12
86,71	8,14
86,73	8,17
86,76	8,20
86,78	8,21
86,81	8,23
86,83	8,26
86,86	8,28
86,88	8,29
86,91	8,31
86,93	8,34
86,95	8,36
86,98	8,36
87,00	8,38
87,03	8,41
87,05	8,42
87,08	8,43
87,10	8,44
87,13	8,46
87,15	8,49
87,17	8,50
87,20	8,51
87,22	8,53
87,25	8,54
87,27	8,55
87,30	8,56
87,32	8,57
87,35	8,58
87,37	8,59
87,39	8,61
87,42	8,64
87,44	8,64
87,47	8,66
87,49	8,68
87,52	8,70
87,54	8,71
87,57	8,72
87,59	8,74
87,61	8,75
87,64	8,75
87,66	8,78
87,69	8,80
87,71	8,81
87,74	8,83
87,76	8,83
87,78	8,86
87,81	8,87
87,83	8,86
87,86	8,88
87,88	8,90
87,91	8,91
87,93	8,92
87,96	8,93
87,98	8,97
88,00	8,97
88,03	8,97
88,05	8,98
88,08	8,99
88,10	9,00
88,13	8,99
88,15	8,99
88,18	9,02
88,20	9,01
88,22	9,02
88,25	9,02
88,27	9,03
88,30	9,05
88,32	9,02
88,35	9,03
88,37	9,06
88,40	9,04
88,42	9,04
88,44	9,04
88,47	9,04
88,49	9,06
88,52	9,04
88,54	9,05
88,57	9,06	True
88,59	9,04
88,62	9,04
88,64	9,03
88,66	9,05
88,69	9,05
88,71	9,03
88,74	9,04
88,76	9,04
88,79	9,03
88,81	9,03
88,83	9,02
88,86	9,04
88,88	9,03
88,91	9,02
88,93	9,03
88,96	9,02
88,98	9,02
89,01	9,01
89,03	9,00
89,05	9,01
89,08	8,99
89,10	8,99
89,13	8,99
89,15	8,98
89,18	8,98
89,20	8,96
89,23	8,96
89,25	8,97
89,27	8,95
89,30	8,96
89,32	8,96
89,35	8,95
89,37	8,95
89,40	8,93
89,42	8,94
89,45	8,93
89,47	8,91
89,49	8,91
89,52	8,90
89,54	8,89
89,57	8,88
89,59	8,87
89,62	8,88
89,64	8,88
89,67	8,86
89,69	8,86
89,71	8,86
89,74	8,86
89,76	8,83
89,79	8,82
89,81	8,84
89,84	8,82
89,86	8,80
89,89	8,80
89,91	8,80
89,93	8,80
89,96	8,76
89,98	8,76
90,01	8,77
90,03	8,74
90,06	8,74
90,08	8,73
90,10	8,74
90,13	8,73
90,15	8,70
90,18	8,71
90,20	8,70
90,23	8,67
90,25	8,65
90,28	8,65
90,30	8,65
90,32	8,64
90,35	8,60
90,37	8,60
90,40	8,59
90,42	8,58
90,45	8,57
90,47	8,54
90,50	8,55
90,52	8,53
90,54	8,50
90,57	8,50
90,59	8,48
90,62	8,47
90,64	8,45
90,67	8,43
90,69	8,43
90,72	8,40
90,74	8,37
90,76	8,37
90,79	8,35
90,81	8,35
90,84	8,32
90,86	8,30
90,89	8,31
90,91	8,27
90,94	8,26
90,96	8,25
90,98	8,22
91,01	8,21
91,03	8,19
91,06	8,18
91,08	8,18
91,11	8,14
91,13	8,14
91,15	8,13
91,18	8,10
91,20	8,09
91,23	8,07
91,25	8,06
91,28	8,06
91,30	8,02
91,33	8,03
91,35	8,01
91,37	7,99
91,40	7,97
91,42	7,95
91,45	7,95
91,47	7,93
91,50	7,90
91,52	7,90
91,55	7,89
91,57	7,88
91,59	7,86
91,62	7,84
91,64	7,85
91,67	7,81
91,69	7,78
91,72	7,78
91,74	7,76
91,77	7,75
91,79	7,72
91,81	7,71
91,84	7,71
91,86	7,68
91,89	7,66
91,91	7,65
91,94	7,64
91,96	7,62
91,99	7,58
92,01	7,57
92,03	7,58
92,06	7,55
92,08	7,52
92,11	7,52
92,13	7,50
92,16	7,48
92,18	7,44
92,20	7,42
92,23	7,42
92,25	7,39
92,28	7,37
92,30	7,35
92,33	7,34
92,35	7,33
92,38	7,29
92,40	7,28
92,42	7,26
92,45	7,23
92,47	7,21
92,50	7,19
92,52	7,18
92,55	7,15
92,57	7,12
92,60	7,12
92,62	7,09
92,64	7,07
92,67	7,04
92,69	7,01
92,72	7,01
92,74	6,99
92,77	6,96
92,79	6,95
92,82	6,93
92,84	6,91
92,86	6,90
92,89	6,87
92,91	6,85
92,94	6,83
92,96	6,81
92,99	6,81
93,01	6,78
93,04	6,77
93,06	6,75
93,08	6,75
93,11	6,72
93,13	6,69
93,16	6,68
93,18	6,67
93,21	6,65
93,23	6,63
93,25	6,61
93,28	6,61
93,30	6,58
93,33	6,55
93,35	6,55
93,38	6,54
93,40	6,50
93,43	6,47
93,45	6,46
93,47	6,46
93,50	6,43
93,52	6,41
93,55	6,41
93,57	6,40
93,60	6,37
93,62	6,33
93,65	6,32
93,67	6,32
93,69	6,28
93,72	6,26
93,74	6,25
93,77	6,24
93,79	6,22
93,82	6,20
93,84	6,19
93,87	6,18
93,89	6,15
93,91	6,12
93,94	6,11
93,96	6,12
93,99	6,10
94,01	6,08
94,04	6,08
94,06	6,07
94,09	6,05
94,11	6,03
94,13	6,01
94,16	6,00
94,18	5,98
94,21	5,95
94,23	5,95
94,26	5,94
94,28	5,92
94,31	5,91
94,33	5,89
94,35	5,90
94,38	5,87
94,40	5,86
94,43	5,87
94,45	5,86
94,48	5,85
94,50	5,83
94,52	5,83
94,55	5,83
94,57	5,81
94,60	5,81
94,62	5,80
94,65	5,78
94,67	5,77
94,70	5,76
94,72	5,75
94,74	5,74
94,77	5,72
94,79	5,73
94,82	5,73
94,84	5,70
94,87	5,70
94,89	5,69
94,92	5,69
94,94	5,69
94,96	5,66
94,99	5,67
95,01	5,67
95,04	5,65
95,06	5,64
95,09	5,64
95,11	5,64
95,14	5,62
95,16	5,60
95,18	5,62
95,21	5,62
95,23	5,61
95,26	5,61
95,28	5,60
95,31	5,62
95,33	5,60
95,36	5,58
95,38	5,60
95,40	5,60
95,43	5,60
95,45	5,58
95,48	5,59
95,50	5,61
95,53	5,59
95,55	5,58
95,57	5,59
95,60	5,59
95,62	5,59
95,65	5,59
95,67	5,60
95,70	5,61
95,72	5,59
95,75	5,59
95,77	5,60
95,79	5,61
95,82	5,61
95,84	5,59
95,87	5,60
95,89	5,61
95,92	5,60
95,94	5,60
95,97	5,60
95,99	5,61
96,01	5,62
96,04	5,60
96,06	5,62
96,09	5,63
96,11	5,62
96,14	5,63
96,16	5,63
96,19	5,65
96,21	5,65
96,23	5,65
96,26	5,66
96,28	5,66
96,31	5,65
96,33	5,65
96,36	5,66
96,38	5,66
96,41	5,67
96,43	5,67
96,45	5,68
96,48	5,67
96,50	5,66
96,53	5,67
96,55	5,68
96,58	5,67
96,60	5,67
96,62	5,69
96,65	5,70
96,67	5,70
96,70	5,71
96,72	5,72
96,75	5,74
96,77	5,73
96,80	5,73
96,82	5,75
96,84	5,76
96,87	5,76
96,89	5,77
96,92	5,79
96,94	5,81
96,97	5,81
96,99	5,82
97,02	5,84
97,04	5,87
97,06	5,87
97,09	5,89
97,11	5,92
97,14	5,95
97,16	5,97
97,19	5,99
97,21	6,02
97,24	6,05
97,26	6,06
97,28	6,07
97,31	6,10
97,33	6,13
97,36	6,13
97,38	6,15
97,41	6,18
97,43	6,22
97,46	6,23
97,48	6,24
97,50	6,28
97,53	6,31
97,55	6,32
97,58	6,34
97,60	6,38
97,63	6,42
97,65	6,44
97,68	6,46
97,70	6,49
97,72	6,51
97,75	6,52
97,77	6,53
97,80	6,55
97,82	6,58
97,85	6,59
97,87	6,61
97,89	6,65
97,92	6,67
97,94	6,69
97,97	6,71
97,99	6,74
98,02	6,77
98,04	6,79
98,07	6,81
98,09	6,85
98,11	6,87
98,14	6,90
98,16	6,93
98,19	6,97
98,21	7,00
98,24	7,02
98,26	7,06
98,29	7,09
98,31	7,12
98,33	7,15
98,36	7,20
98,38	7,25
98,41	7,29
98,43	7,32
98,46	7,37
98,48	7,41
98,51	7,44
98,53	7,48
98,55	7,52
98,58	7,57
98,60	7,60
98,63	7,63
98,65	7,69
98,68	7,74
98,70	7,77
98,73	7,81
98,75	7,86
98,77	7,91
98,80	7,94
98,82	7,97
98,85	8,03
98,87	8,07
98,90	8,10
98,92	8,14
98,94	8,19
98,97	8,24
98,99	8,26
99,02	8,30
99,04	8,36
99,07	8,41
99,09	8,43
99,12	8,48
99,14	8,53
99,16	8,59
99,19	8,63
99,21	8,67
99,24	8,73
99,26	8,78
99,29	8,82
99,31	8,87
99,34	8,94
99,36	8,99
99,38	9,03
99,41	9,08
99,43	9,15
99,46	9,20
99,48	9,25
99,51	9,30
99,53	9,37
99,56	9,44
99,58	9,48
99,60	9,53
99,63	9,59
99,65	9,65
99,68	9,69
99,70	9,72
99,73	9,77
99,75	9,82
99,78	9,86
99,80	9,89
99,82	9,93
99,85	9,97
99,87	10,00
99,90	10,02