Voltage U1	Corriente IA
0,02	0,04
0,04	0,04
0,07	0,05
0,09	0,05
0,12	0,05
0,14	0,05
0,17	0,06
0,19	0,06
0,21	0,06
0,24	0,06
0,26	0,07
0,29	0,07
0,31	0,07
0,34	0,07
0,36	0,07
0,39	0,07
0,41	0,07
0,43	0,07
0,46	0,07
0,48	0,06
0,51	0,06
0,53	0,06
0,56	0,06
0,58	0,05
0,61	0,05
0,63	0,05
0,65	0,06
0,68	0,05
0,70	0,05
0,73	0,05
0,75	0,05
0,78	0,05
0,80	0,05
0,83	0,05
0,85	0,05
0,87	0,04
0,90	0,04
0,92	0,04
0,95	0,05
0,97	0,05
1,00	0,04
1,02	0,04
1,05	0,05
1,07	0,04
1,09	0,04
1,12	0,05
1,14	0,05
1,17	0,05
1,19	0,05
1,22	0,05
1,24	0,06
1,26	0,05
1,29	0,05
1,31	0,06
1,34	0,06
1,36	0,05
1,39	0,05
1,41	0,06
1,44	0,06
1,46	0,06
1,48	0,06
1,51	0,06
1,53	0,06
1,56	0,05
1,58	0,05
1,61	0,07
1,63	0,07
1,66	0,06
1,68	0,06
1,70	0,07
1,73	0,07
1,75	0,06
1,78	0,06
1,80	0,07
1,83	0,07
1,85	0,07
1,88	0,07
1,90	0,07
1,92	0,07
1,95	0,07
1,97	0,06
2,00	0,07
2,02	0,07
2,05	0,06
2,07	0,06
2,10	0,07
2,12	0,07
2,14	0,06
2,17	0,06
2,19	0,07
2,22	0,06
2,24	0,06
2,27	0,06
2,29	0,06
2,31	0,05
2,34	0,05
2,36	0,05
2,39	0,05
2,41	0,04
2,44	0,04
2,46	0,04
2,49	0,05
2,51	0,04
2,53	0,04
2,56	0,04
2,58	0,05
2,61	0,04
2,63	0,04
2,66	0,04
2,68	0,05
2,71	0,04
2,73	0,04
2,75	0,04
2,78	0,05
2,80	0,04
2,83	0,04
2,85	0,05
2,88	0,05
2,90	0,04
2,93	0,04
2,95	0,05
2,97	0,05
3,00	0,04
3,02	0,05
3,05	0,06
3,07	0,06
3,10	0,06
3,12	0,06
3,15	0,06
3,17	0,06
3,19	0,05
3,22	0,06
3,24	0,06
3,27	0,06
3,29	0,06
3,32	0,06
3,34	0,07
3,36	0,07
3,39	0,06
3,41	0,06
3,44	0,06
3,46	0,06
3,49	0,06
3,51	0,06
3,54	0,07
3,56	0,07
3,58	0,07
3,61	0,07
3,63	0,07
3,66	0,06
3,68	0,06
3,71	0,06
3,73	0,07
3,76	0,07
3,78	0,07
3,80	0,07
3,83	0,07
3,85	0,07
3,88	0,07
3,90	0,07
3,93	0,07
3,95	0,06
3,98	0,06
4,00	0,06
4,02	0,07
4,05	0,07
4,07	0,07
4,10	0,07
4,12	0,08
4,15	0,07
4,17	0,07
4,20	0,07
4,22	0,07
4,24	0,06
4,27	0,06
4,29	0,06
4,32	0,07
4,34	0,06
4,37	0,06
4,39	0,06
4,42	0,06
4,44	0,05
4,46	0,05
4,49	0,06
4,51	0,06
4,54	0,06
4,56	0,06
4,59	0,06
4,61	0,06
4,63	0,05
4,66	0,04
4,68	0,05
4,71	0,05
4,73	0,04
4,76	0,04
4,78	0,05
4,81	0,04
4,83	0,04
4,85	0,04
4,88	0,04
4,90	0,04
4,93	0,04
4,95	0,04
4,98	0,05
5,00	0,05
5,03	0,05
5,05	0,05
5,07	0,05
5,10	0,05
5,12	0,04
5,15	0,04
5,17	0,05
5,20	0,05
5,22	0,05
5,25	0,05
5,27	0,07
5,29	0,06
5,32	0,06
5,34	0,06
5,37	0,07
5,39	0,07
5,42	0,07
5,44	0,07
5,47	0,08
5,49	0,08
5,51	0,08
5,54	0,08
5,56	0,08
5,59	0,08
5,61	0,07
5,64	0,08
5,66	0,09
5,68	0,08
5,71	0,08
5,73	0,08
5,76	0,08
5,78	0,08
5,81	0,08
5,83	0,08
5,86	0,08
5,88	0,07
5,90	0,07
5,93	0,07
5,95	0,08
5,98	0,07
6,00	0,07
6,03	0,07
6,05	0,08
6,08	0,06
6,10	0,06
6,12	0,07
6,15	0,07
6,17	0,06
6,20	0,06
6,22	0,06
6,25	0,07
6,27	0,06
6,30	0,05
6,32	0,06
6,34	0,06
6,37	0,06
6,39	0,06
6,42	0,06
6,44	0,07
6,47	0,06
6,49	0,07
6,52	0,07
6,54	0,07
6,56	0,06
6,59	0,06
6,61	0,07
6,64	0,08
6,66	0,07
6,69	0,07
6,71	0,08
6,73	0,08
6,76	0,08
6,78	0,08
6,81	0,09
6,83	0,08
6,86	0,08
6,88	0,08
6,91	0,09
6,93	0,08
6,95	0,08
6,98	0,08
7,00	0,09
7,03	0,09
7,05	0,08
7,08	0,09
7,10	0,09
7,13	0,09
7,15	0,09
7,17	0,09
7,20	0,11
7,22	0,10
7,25	0,10
7,27	0,10
7,30	0,10
7,32	0,10
7,35	0,10
7,37	0,10
7,39	0,11
7,42	0,11
7,44	0,11
7,47	0,12
7,49	0,13
7,52	0,12
7,54	0,12
7,57	0,12
7,59	0,13
7,61	0,12
7,64	0,12
7,66	0,13
7,69	0,14
7,71	0,13
7,74	0,13
7,76	0,13
7,78	0,15
7,81	0,12
7,83	0,12
7,86	0,13
7,88	0,14
7,91	0,14
7,93	0,14
7,96	0,15
7,98	0,16
8,00	0,14
8,03	0,14
8,05	0,15
8,08	0,15
8,10	0,14
8,13	0,14
8,15	0,15
8,18	0,16
8,20	0,14
8,22	0,15
8,25	0,16
8,27	0,16
8,30	0,15
8,32	0,14
8,35	0,15
8,37	0,15
8,40	0,14
8,42	0,15
8,44	0,17
8,47	0,16
8,49	0,15
8,52	0,15
8,54	0,16
8,57	0,16
8,59	0,15
8,62	0,16
8,64	0,17
8,66	0,16
8,69	0,15
8,71	0,16
8,74	0,18
8,76	0,17
8,79	0,17
8,81	0,17
8,84	0,18
8,86	0,18
8,88	0,17
8,91	0,18
8,93	0,20
8,96	0,20
8,98	0,19
9,01	0,20
9,03	0,21
9,05	0,19
9,08	0,19
9,10	0,20
9,13	0,22
9,15	0,21
9,18	0,20
9,20	0,21
9,23	0,22
9,25	0,21
9,27	0,21
9,30	0,22
9,32	0,23
9,35	0,22
9,37	0,22
9,40	0,23
9,42	0,24
9,45	0,23
9,47	0,22
9,49	0,23
9,52	0,24
9,54	0,22
9,57	0,23
9,59	0,24
9,62	0,25
9,64	0,24
9,67	0,23
9,69	0,25
9,71	0,26
9,74	0,23
9,76	0,23
9,79	0,24
9,81	0,23
9,84	0,22
9,86	0,22
9,89	0,24
9,91	0,25
9,93	0,23
9,96	0,23
9,98	0,25
10,01	0,24
10,03	0,23
10,06	0,23
10,08	0,25
10,10	0,25
10,13	0,23
10,15	0,23
10,18	0,25
10,20	0,24
10,23	0,23
10,25	0,23
10,28	0,25
10,30	0,24
10,32	0,23
10,35	0,25
10,37	0,27
10,40	0,26
10,42	0,26
10,45	0,26
10,47	0,28
10,50	0,28
10,52	0,26
10,54	0,28
10,57	0,30
10,59	0,28
10,62	0,28
10,64	0,29
10,67	0,31
10,69	0,30
10,72	0,30
10,74	0,31
10,76	0,32
10,79	0,31
10,81	0,30
10,84	0,32
10,86	0,34
10,89	0,33
10,91	0,32
10,94	0,34
10,96	0,34
10,98	0,33
11,01	0,34
11,03	0,34
11,06	0,36
11,08	0,34
11,11	0,33
11,13	0,35
11,15	0,36
11,18	0,34
11,20	0,34
11,23	0,35
11,25	0,36
11,28	0,34
11,30	0,34
11,33	0,36
11,35	0,36
11,37	0,35
11,40	0,35
11,42	0,36
11,45	0,36
11,47	0,34
11,50	0,34
11,52	0,35
11,55	0,35
11,57	0,35
11,59	0,35
11,62	0,36
11,64	0,37
11,67	0,35
11,69	0,36
11,72	0,38
11,74	0,36
11,77	0,35
11,79	0,35
11,81	0,37
11,84	0,38
11,86	0,36
11,89	0,37
11,91	0,38
11,94	0,37
11,96	0,36
11,99	0,37
12,01	0,39
12,03	0,38
12,06	0,37
12,08	0,39
12,11	0,41
12,13	0,41
12,16	0,40
12,18	0,40
12,21	0,42
12,23	0,41
12,25	0,39
12,28	0,42
12,30	0,43
12,33	0,43
12,35	0,44
12,38	0,45
12,40	0,46
12,42	0,45
12,45	0,44
12,47	0,46
12,50	0,47
12,52	0,46
12,55	0,46
12,57	0,47
12,60	0,49
12,62	0,48
12,64	0,47
12,67	0,49
12,69	0,49
12,72	0,47
12,74	0,46
12,77	0,48
12,79	0,50
12,82	0,49
12,84	0,48
12,86	0,50
12,89	0,50
12,91	0,48
12,94	0,48
12,96	0,48
12,99	0,50
13,01	0,49
13,04	0,49
13,06	0,51
13,08	0,51
13,11	0,50
13,13	0,50
13,16	0,52
13,18	0,52
13,21	0,50
13,23	0,50
13,26	0,52
13,28	0,52
13,30	0,52
13,33	0,53
13,35	0,54
13,38	0,54
13,40	0,51
13,43	0,52
13,45	0,54
13,47	0,54
13,50	0,53
13,52	0,54
13,55	0,56
13,57	0,57
13,60	0,55
13,62	0,56
13,65	0,58
13,67	0,56
13,69	0,54
13,72	0,55
13,74	0,57
13,77	0,57
13,79	0,55
13,82	0,56
13,84	0,58
13,87	0,57
13,89	0,56
13,91	0,56
13,94	0,58
13,96	0,58
13,99	0,57
14,01	0,59
14,04	0,60
14,06	0,59
14,09	0,59
14,11	0,61
14,13	0,62
14,16	0,61
14,18	0,59
14,21	0,61
14,23	0,62
14,26	0,61
14,28	0,61
14,31	0,62
14,33	0,63
14,35	0,62
14,38	0,61
14,40	0,63
14,43	0,64
14,45	0,63
14,48	0,64
14,50	0,65
14,52	0,66
14,55	0,65
14,57	0,65
14,60	0,67
14,62	0,67
14,65	0,65
14,67	0,65
14,70	0,67
14,72	0,68
14,74	0,66
14,77	0,66
14,79	0,69
14,82	0,68
14,84	0,68
14,87	0,68
14,89	0,69
14,92	0,70
14,94	0,69
14,96	0,70
14,99	0,72
15,01	0,72
15,04	0,71
15,06	0,72
15,09	0,73
15,11	0,73
15,14	0,71
15,16	0,72
15,18	0,74
15,21	0,74
15,23	0,74
15,26	0,75
15,28	0,76
15,31	0,76
15,33	0,73
15,36	0,75
15,38	0,76
15,40	0,75
15,43	0,75
15,45	0,75
15,48	0,77
15,50	0,77
15,53	0,75
15,55	0,77
15,57	0,78
15,60	0,77
15,62	0,77
15,65	0,78
15,67	0,79
15,70	0,79
15,72	0,78
15,75	0,80
15,77	0,81
15,79	0,80
15,82	0,80
15,84	0,80
15,87	0,81
15,89	0,80
15,92	0,79
15,94	0,82
15,97	0,83
15,99	0,82
16,01	0,82
16,04	0,83
16,06	0,84
16,09	0,83
16,11	0,81
16,14	0,83
16,16	0,84
16,19	0,83
16,21	0,83
16,23	0,84
16,26	0,84
16,28	0,82
16,31	0,81
16,33	0,82
16,36	0,82
16,38	0,81
16,41	0,80
16,43	0,81
16,45	0,82
16,48	0,80
16,50	0,80
16,53	0,81
16,55	0,80
16,58	0,78
16,60	0,78
16,63	0,78
16,65	0,79
16,67	0,77
16,70	0,77
16,72	0,79
16,75	0,79
16,77	0,77
16,80	0,78
16,82	0,78
16,84	0,79
16,87	0,77
16,89	0,77
16,92	0,79
16,94	0,78
16,97	0,77
16,99	0,77
17,02	0,79
17,04	0,79
17,06	0,77
17,09	0,78
17,11	0,80
17,14	0,80
17,16	0,80
17,19	0,81
17,21	0,83
17,24	0,83
17,26	0,82
17,28	0,83
17,31	0,85
17,33	0,84
17,36	0,83
17,38	0,84
17,41	0,85
17,43	0,85
17,46	0,83
17,48	0,85
17,50	0,86
17,53	0,85
17,55	0,83
17,58	0,83
17,60	0,83
17,63	0,82
17,65	0,80
17,68	0,80
17,70	0,80
17,72	0,77
17,75	0,74
17,77	0,72
17,80	0,71
17,82	0,68
17,85	0,64
17,87	0,63
17,89	0,61
17,92	0,56
17,94	0,54
17,97	0,51
17,99	0,48
18,02	0,44
18,04	0,40
18,07	0,38
18,09	0,34
18,11	0,30
18,14	0,28
18,16	0,26
18,19	0,24
18,21	0,20
18,24	0,18
18,26	0,17
18,29	0,13
18,31	0,10
18,33	0,09
18,36	0,08
18,38	0,07
18,41	0,04
18,43	0,03
18,46	0,03
18,48	0,02
18,51	0,01
18,53	0,01
18,55	0,01
18,58	0,01
18,60	0,01
18,63	0,01
18,65	0,01
18,68	0,01
18,70	0,01
18,73	0,01
18,75	0,01
18,77	0,01
18,80	0,01
18,82	0,01
18,85	0,01
18,87	0,01
18,90	0,01
18,92	0,01
18,94	0,01
18,97	0,01
18,99	0,01
19,02	0,01
19,04	0,01
19,07	0,01
19,09	0,01
19,12	0,01
19,14	0,01
19,16	0,01
19,19	0,01
19,21	0,01
19,24	0,01
19,26	0,01
19,29	0,01
19,31	0,01
19,34	0,01
19,36	0,01
19,38	0,01
19,41	0,01
19,43	0,01
19,46	0,01
19,48	0,01
19,51	0,01
19,53	0,01
19,56	0,01
19,58	0,01
19,60	0,01
19,63	0,01
19,65	0,01
19,68	0,01
19,70	0,01
19,73	0,01
19,75	0,01
19,78	0,01
19,80	0,01
19,82	0,01
19,85	0,01
19,87	0,01
19,90	0,01
19,92	0,01
19,95	0,01
19,97	0,01
19,99	0,01
20,02	0,01
20,04	0,01
20,07	0,01
20,09	0,01
20,12	0,01
20,14	0,01
20,17	0,01
20,19	0,01
20,21	0,01
20,24	0,01
20,26	0,01
20,29	0,01
20,31	0,01
20,34	0,01
20,36	0,01
20,39	0,01
20,41	0,01
20,43	0,01
20,46	0,01
20,48	0,01
20,51	0,01
20,53	0,01
20,56	0,01
20,58	0,01
20,61	0,01
20,63	0,01
20,65	0,01
20,68	0,01
20,70	0,01
20,73	0,01
20,75	0,01
20,78	0,01
20,80	0,01
20,83	0,01
20,85	0,01
20,87	0,01
20,90	0,01
20,92	0,01
20,95	0,01
20,97	0,01
21,00	0,01
21,02	0,01
21,05	0,01
21,07	0,01
21,09	0,01
21,12	0,01
21,14	0,01
21,17	0,01
21,19	0,01
21,22	0,01
21,24	0,01
21,26	0,01
21,29	0,01
21,31	0,01
21,34	0,01
21,36	0,01
21,39	0,01
21,41	0,01
21,44	0,01
21,46	0,01
21,48	0,01
21,51	0,01
21,53	0,01
21,56	0,01
21,58	0,01
21,61	0,01
21,63	0,01
21,66	0,01
21,68	0,01
21,70	0,01
21,73	0,01
21,75	0,01
21,78	0,01
21,80	0,01
21,83	0,01
21,85	0,01
21,88	0,01
21,90	0,01
21,92	0,01
21,95	0,01
21,97	0,01
22,00	0,01
22,02	0,01
22,05	0,01
22,07	0,01
22,10	0,01
22,12	0,01
22,14	0,01
22,17	0,01
22,19	0,01
22,22	0,01
22,24	0,01
22,27	0,01
22,29	0,01
22,31	0,01
22,34	0,01
22,36	0,01
22,39	0,01
22,41	0,01
22,44	0,02
22,46	0,02
22,49	0,02
22,51	0,03
22,53	0,04
22,56	0,04
22,58	0,05
22,61	0,06
22,63	0,08
22,66	0,08
22,68	0,11
22,71	0,14
22,73	0,16
22,75	0,20
22,78	0,23
22,80	0,28
22,83	0,32
22,85	0,36
22,88	0,41
22,90	0,48
22,93	0,52
22,95	0,58
22,97	0,65
23,00	0,74
23,02	0,80
23,05	0,87
23,07	0,96
23,10	1,06
23,12	1,13
23,15	1,22
23,17	1,34
23,19	1,45
23,22	1,55
23,24	1,64
23,27	1,76
23,29	1,88
23,32	1,98
23,34	2,09
23,36	2,21
23,39	2,33
23,41	2,43
23,44	2,54
23,46	2,69
23,49	2,82
23,51	2,92
23,54	3,06
23,56	3,19
23,58	3,31
23,61	3,41
23,63	3,53
23,66	3,67
23,68	3,80
23,71	3,89
23,73	4,02
23,76	4,15
23,78	4,26
23,80	4,36
23,83	4,48
23,85	4,62
23,88	4,72
23,90	4,82
23,93	4,94
23,95	5,07
23,98	5,18
24,00	5,28
24,02	5,39
24,05	5,51
24,07	5,60
24,10	5,69
24,12	5,81
24,15	5,91
24,17	6,01
24,20	6,10
24,22	6,21
24,24	6,33
24,27	6,42
24,29	6,51
24,32	6,61
24,34	6,71
24,37	6,79
24,39	6,88
24,42	6,98
24,44	7,08
24,46	7,16
24,49	7,25
24,51	7,35
24,54	7,45
24,56	7,52
24,59	7,59
24,61	7,68
24,63	7,78
24,66	7,86
24,68	7,93
24,71	8,03
24,73	8,12
24,76	8,20
24,78	8,27
24,81	8,37
24,83	8,47
24,85	8,52
24,88	8,60
24,90	8,69
24,93	8,78
24,95	8,86
24,98	8,94
25,00	9,03
25,03	9,12
25,05	9,19
25,07	9,26
25,10	9,36
25,12	9,46
25,15	9,53
25,17	9,61
25,20	9,72
25,22	9,81
25,25	9,88
25,27	9,96
25,29	10,05
25,32	10,13
25,34	10,19
25,37	10,26
25,39	10,37
25,42	10,44
25,44	10,50
25,47	10,60
25,49	10,70
25,51	10,77
25,54	10,83
25,56	10,91
25,59	11,01
25,61	11,08
25,64	11,14
25,66	11,23
25,68	11,31
25,71	11,39
25,73	11,45
25,76	11,52
25,78	11,61
25,81	11,67
25,83	11,72
25,86	11,81
25,88	11,90
25,90	11,97
25,93	12,03
25,95	12,11
25,98	12,20
26,00	12,25
26,03	12,31
26,05	12,39
26,08	12,46
26,10	12,53
26,12	12,59
26,15	12,67
26,17	12,75
26,20	12,80
26,22	12,86
26,25	12,94
26,27	13,01
26,30	13,06
26,32	13,11
26,34	13,18
26,37	13,26
26,39	13,31
26,42	13,37
26,44	13,44
26,47	13,50
26,49	13,55
26,52	13,59
26,54	13,66
26,56	13,74
26,59	13,78
26,61	13,83
26,64	13,90
26,66	13,96
26,69	14,02
26,71	14,06
26,73	14,13
26,76	14,19
26,78	14,23
26,81	14,28
26,83	14,35
26,86	14,39
26,88	14,43
26,91	14,50
26,93	14,56
26,95	14,60
26,98	14,64
27,00	14,71
27,03	14,77
27,05	14,81
27,08	14,85
27,10	14,93
27,13	14,99
27,15	15,03
27,17	15,06
27,20	15,13
27,22	15,19
27,25	15,22
27,27	15,25
27,30	15,31
27,32	15,37
27,35	15,40
27,37	15,44
27,39	15,50
27,42	15,55
27,44	15,57
27,47	15,62
27,49	15,68
27,52	15,72
27,54	15,75
27,57	15,80
27,59	15,85
27,61	15,88
27,64	15,91
27,66	15,96
27,69	16,01
27,71	16,04
27,74	16,06
27,76	16,11
27,78	16,15
27,81	16,18
27,83	16,21
27,86	16,26
27,88	16,32
27,91	16,34
27,93	16,37
27,96	16,42
27,98	16,45
28,00	16,49
28,03	16,52
28,05	16,56
28,08	16,61
28,10	16,63
28,13	16,65
28,15	16,70
28,18	16,74
28,20	16,76
28,22	16,78
28,25	16,82
28,27	16,85
28,30	16,87
28,32	16,90
28,35	16,94
28,37	16,97
28,40	17,00
28,42	17,02
28,44	17,06
28,47	17,09
28,49	17,09
28,52	17,11
28,54	17,15
28,57	17,17
28,59	17,19
28,62	17,20
28,64	17,23
28,66	17,26
28,69	17,25
28,71	17,28
28,74	17,32
28,76	17,34
28,79	17,35
28,81	17,37
28,84	17,41
28,86	17,43
28,88	17,43
28,91	17,46
28,93	17,48
28,96	17,51
28,98	17,52
29,01	17,55
29,03	17,59
29,05	17,60
29,08	17,61
29,10	17,64
29,13	17,67
29,15	17,68
29,18	17,69
29,20	17,70
29,23	17,74
29,25	17,75
29,27	17,76
29,30	17,79
29,32	17,82
29,35	17,83
29,37	17,83
29,40	17,85
29,42	17,87
29,45	17,88
29,47	17,89
29,49	17,91
29,52	17,93
29,54	17,94
29,57	17,94
29,59	17,95
29,62	17,98
29,64	17,97
29,67	17,98
29,69	18,01
29,71	18,02
29,74	18,03
29,76	18,04
29,79	18,06
29,81	18,09
29,84	18,08
29,86	18,08
29,89	18,10
29,91	18,12
29,93	18,12
29,96	18,12
29,98	18,14
30,01	18,17
30,03	18,16
30,06	18,16
30,08	18,19
30,10	18,21
30,13	18,20
30,15	18,20
30,18	18,22
30,20	18,24
30,23	18,23
30,25	18,25
30,28	18,28
30,30	18,29
30,32	18,29
30,35	18,28
30,37	18,30
30,40	18,31
30,42	18,30
30,45	18,31
30,47	18,33
30,50	18,34
30,52	18,33
30,54	18,34
30,57	18,36
30,59	18,36
30,62	18,35
30,64	18,36
30,67	18,38
30,69	18,38
30,72	18,37
30,74	18,38
30,76	18,41
30,79	18,41
30,81	18,39
30,84	18,40
30,86	18,40
30,89	18,40
30,91	18,39
30,94	18,40
30,96	18,43
30,98	18,42
31,01	18,41
31,03	18,43
31,06	18,44
31,08	18,44
31,11	18,43
31,13	18,43
31,15	18,45
31,18	18,44
31,20	18,43
31,23	18,45
31,25	18,47
31,28	18,46
31,30	18,44
31,33	18,45
31,35	18,46
31,37	18,45
31,40	18,44
31,42	18,46
31,45	18,47
31,47	18,46
31,50	18,45
31,52	18,46	True
31,55	18,47
31,57	18,45
31,59	18,44
31,62	18,45
31,64	18,45
31,67	18,44
31,69	18,43
31,72	18,45
31,74	18,46
31,77	18,44
31,79	18,42
31,81	18,44
31,84	18,43
31,86	18,41
31,89	18,40
31,91	18,41
31,94	18,42
31,96	18,39
31,99	18,38
32,01	18,38
32,03	18,38
32,06	18,36
32,08	18,34
32,11	18,34
32,13	18,34
32,16	18,31
32,18	18,31
32,20	18,33
32,23	18,32
32,25	18,30
32,28	18,28
32,30	18,28
32,33	18,27
32,35	18,24
32,38	18,24
32,40	18,24
32,42	18,22
32,45	18,19
32,47	18,18
32,50	18,18
32,52	18,17
32,55	18,13
32,57	18,12
32,60	18,12
32,62	18,09
32,64	18,06
32,67	18,04
32,69	18,05
32,72	18,03
32,74	17,99
32,77	17,97
32,79	17,94
32,82	17,91
32,84	17,86
32,86	17,83
32,89	17,82
32,91	17,78
32,94	17,71
32,96	17,69
32,99	17,65
33,01	17,60
33,04	17,54
33,06	17,49
33,08	17,44
33,11	17,37
33,13	17,29
33,16	17,24
33,18	17,17
33,21	17,08
33,23	16,98
33,26	16,90
33,28	16,82
33,30	16,70
33,33	16,59
33,35	16,50
33,38	16,40
33,40	16,29
33,43	16,15
33,45	16,05
33,47	15,94
33,50	15,79
33,52	15,65
33,55	15,53
33,57	15,38
33,60	15,22
33,62	15,05
33,65	14,92
33,67	14,80
33,69	14,63
33,72	14,47
33,74	14,32
33,77	14,15
33,79	13,98
33,82	13,81
33,84	13,66
33,87	13,50
33,89	13,31
33,91	13,14
33,94	12,97
33,96	12,79
33,99	12,60
34,01	12,41
34,04	12,25
34,06	12,06
34,09	11,86
34,11	11,69
34,13	11,53
34,16	11,35
34,18	11,16
34,21	10,97
34,23	10,81
34,26	10,61
34,28	10,39
34,31	10,22
34,33	10,05
34,35	9,86
34,38	9,66
34,40	9,47
34,43	9,31
34,45	9,11
34,48	8,91
34,50	8,74
34,52	8,56
34,55	8,37
34,57	8,17
34,60	7,99
34,62	7,83
34,65	7,64
34,67	7,44
34,70	7,26
34,72	7,08
34,74	6,89
34,77	6,69
34,79	6,50
34,82	6,34
34,84	6,15
34,87	5,95
34,89	5,79
34,92	5,60
34,94	5,40
34,96	5,21
34,99	5,03
35,01	4,87
35,04	4,67
35,06	4,47
35,09	4,30
35,11	4,13
35,14	3,93
35,16	3,74
35,18	3,56
35,21	3,40
35,23	3,18
35,26	2,99
35,28	2,83
35,31	2,67
35,33	2,48
35,36	2,29
35,38	2,13
35,40	1,98
35,43	1,79
35,45	1,64
35,48	1,51
35,50	1,36
35,53	1,22
35,55	1,10
35,57	0,99
35,60	0,88
35,62	0,76
35,65	0,66
35,67	0,58
35,70	0,49
35,72	0,40
35,75	0,34
35,77	0,30
35,79	0,24
35,82	0,18
35,84	0,14
35,87	0,11
35,89	0,08
35,92	0,04
35,94	0,03
35,97	0,03
35,99	0,02
36,01	0,01
36,04	0,01
36,06	0,01
36,09	0,01
36,11	0,01
36,14	0,01
36,16	0,01
36,19	0,01
36,21	0,01
36,23	0,01
36,26	0,01
36,28	0,01
36,31	0,01
36,33	0,01
36,36	0,01
36,38	0,01
36,41	0,01
36,43	0,01
36,45	0,01
36,48	0,01
36,50	0,01
36,53	0,01
36,55	0,01
36,58	0,01
36,60	0,01
36,62	0,01
36,65	0,01
36,67	0,01
36,70	0,01
36,72	0,01
36,75	0,01
36,77	0,01
36,80	0,01
36,82	0,01
36,84	0,01
36,87	0,01
36,89	0,01
36,92	0,01
36,94	0,01
36,97	0,01
36,99	0,01
37,02	0,01
37,04	0,01
37,06	0,01
37,09	0,01
37,11	0,01
37,14	0,01
37,16	0,01
37,19	0,01
37,21	0,01
37,24	0,01
37,26	0,01
37,28	0,01
37,31	0,01
37,33	0,01
37,36	0,01
37,38	0,01
37,41	0,01
37,43	0,01
37,46	0,01
37,48	0,01
37,50	0,01
37,53	0,01
37,55	0,01
37,58	0,01
37,60	0,01
37,63	0,01
37,65	0,01
37,68	0,01
37,70	0,01
37,72	0,01
37,75	0,01
37,77	0,01
37,80	0,01
37,82	0,01
37,85	0,01
37,87	0,01
37,89	0,01
37,92	0,01
37,94	0,01
37,97	0,01
37,99	0,01
38,02	0,01
38,04	0,01
38,07	0,01
38,09	0,01
38,11	0,01
38,14	0,01
38,16	0,01
38,19	0,01
38,21	0,01
38,24	0,01
38,26	0,01
38,29	0,01
38,31	0,01
38,33	0,01
38,36	0,01
38,38	0,01
38,41	0,01
38,43	0,01
38,46	0,01
38,48	0,01
38,51	0,01
38,53	0,01
38,55	0,01
38,58	0,01
38,60	0,01
38,63	0,01
38,65	0,01
38,68	0,01
38,70	0,01
38,73	0,01
38,75	0,01
38,77	0,01
38,80	0,01
38,82	0,01
38,85	0,01
38,87	0,01
38,90	0,01
38,92	0,01
38,94	0,01
38,97	0,01
38,99	0,01
39,02	0,01
39,04	0,01
39,07	0,01
39,09	0,01
39,12	0,01
39,14	0,01
39,16	0,01
39,19	0,01
39,21	0,01
39,24	0,01
39,26	0,01
39,29	0,01
39,31	0,01
39,34	0,01
39,36	0,01
39,38	0,01
39,41	0,01
39,43	0,01
39,46	0,01
39,48	0,01
39,51	0,01
39,53	0,01
39,56	0,01
39,58	0,01
39,60	0,01
39,63	0,01
39,65	0,01
39,68	0,01
39,70	0,01
39,73	0,01
39,75	0,01
39,78	0,01
39,80	0,01
39,82	0,01
39,85	0,01
39,87	0,01
39,90	0,01
39,92	0,01
39,95	0,01
39,97	0,01
39,99	0,02
40,02	0,04
40,04	0,06
40,07	0,08
40,09	0,12
40,12	0,17
40,14	0,22
40,17	0,25
40,19	0,32
40,21	0,41
40,24	0,48
40,26	0,55
40,29	0,65
40,31	0,75
40,34	0,84
40,36	0,94
40,39	1,06
40,41	1,20
40,43	1,33
40,46	1,45
40,48	1,59
40,51	1,74
40,53	1,88
40,56	2,03
40,58	2,19
40,61	2,37
40,63	2,50
40,65	2,66
40,68	2,84
40,70	3,00
40,73	3,14
40,75	3,30
40,78	3,48
40,80	3,63
40,83	3,75
40,85	3,90
40,87	4,07
40,90	4,21
40,92	4,35
40,95	4,51
40,97	4,67
41,00	4,81
41,02	4,92
41,05	5,07
41,07	5,24
41,09	5,37
41,12	5,51
41,14	5,65
41,17	5,81
41,19	5,96
41,22	6,08
41,24	6,22
41,26	6,38
41,29	6,52
41,31	6,64
41,34	6,79
41,36	6,95
41,39	7,09
41,41	7,22
41,44	7,41
41,46	7,56
41,48	7,70
41,51	7,84
41,53	8,00
41,56	8,16
41,58	8,31
41,61	8,45
41,63	8,63
41,66	8,80
41,68	8,95
41,70	9,11
41,73	9,29
41,75	9,47
41,78	9,63
41,80	9,78
41,83	9,97
41,85	10,16
41,88	10,32
41,90	10,49
41,92	10,68
41,95	10,87
41,97	11,03
42,00	11,19
42,02	11,39
42,05	11,56
42,07	11,73
42,10	11,91
42,12	12,10
42,14	12,30
42,17	12,46
42,19	12,63
42,22	12,84
42,24	13,02
42,27	13,19
42,29	13,37
42,31	13,55
42,34	13,74
42,36	13,89
42,39	14,07
42,41	14,28
42,44	14,46
42,46	14,62
42,49	14,79
42,51	14,98
42,53	15,16
42,56	15,32
42,58	15,50
42,61	15,69
42,63	15,86
42,66	16,02
42,68	16,19
42,71	16,39
42,73	16,57
42,75	16,71
42,78	16,89
42,80	17,08
42,83	17,23
42,85	17,39
42,88	17,57
42,90	17,75
42,93	17,92
42,95	18,07
42,97	18,25
43,00	18,43
43,02	18,59
43,05	18,75
43,07	18,93
43,10	19,11
43,12	19,27
43,15	19,42
43,17	19,59
43,19	19,77
43,22	19,92
43,24	20,07
43,27	20,23
43,29	20,41
43,32	20,56
43,34	20,71
43,36	20,90
43,39	21,08
43,41	21,23
43,44	21,39
43,46	21,56
43,49	21,73
43,51	21,88
43,54	22,01
43,56	22,19
43,58	22,35
43,61	22,49
43,63	22,64
43,66	22,81
43,68	22,98
43,71	23,13
43,73	23,28
43,76	23,46
43,78	23,62
43,80	23,77
43,83	23,93
43,85	24,11
43,88	24,29
43,90	24,42
43,93	24,57
43,95	24,74
43,98	24,89
44,00	25,03
44,02	25,19
44,05	25,36
44,07	25,53
44,10	25,66
44,12	25,81
44,15	25,99
44,17	26,14
44,20	26,28
44,22	26,43
44,24	26,59
44,27	26,75
44,29	26,89
44,32	27,04
44,34	27,23
44,37	27,38
44,39	27,50
44,41	27,65
44,44	27,81
44,46	27,95
44,49	28,08
44,51	28,23
44,54	28,39
44,56	28,54
44,59	28,68
44,61	28,83
44,63	28,99
44,66	29,14
44,68	29,26
44,71	29,42
44,73	29,57
44,76	29,70
44,78	29,83
44,81	29,97
44,83	30,13
44,85	30,28
44,88	30,39
44,90	30,54
44,93	30,68
44,95	30,80
44,98	30,92
45,00	31,07
45,03	31,22
45,05	31,34
45,07	31,46
45,10	31,60
45,12	31,75
45,15	31,87
45,17	31,98
45,20	32,11
45,22	32,25
45,25	32,35
45,27	32,47
45,29	32,62
45,32	32,75
45,34	32,87
45,37	32,99
45,39	33,12
45,42	33,26
45,44	33,36
45,47	33,45
45,49	33,60
45,51	33,73
45,54	33,82
45,56	33,93
45,59	34,07
45,61	34,19
45,64	34,29
45,66	34,41
45,68	34,54
45,71	34,66
45,73	34,75
45,76	34,86
45,78	35,00
45,81	35,12
45,83	35,21
45,86	35,32
45,88	35,45
45,90	35,56
45,93	35,65
45,95	35,77
45,98	35,89
46,00	36,01
46,03	36,10
46,05	36,21
46,08	36,35
46,10	36,44
46,12	36,53
46,15	36,64
46,17	36,76
46,20	36,86
46,22	36,94
46,25	37,05
46,27	37,17
46,30	37,27
46,32	37,36
46,34	37,47
46,37	37,58
46,39	37,67
46,42	37,74
46,44	37,85
46,47	37,96
46,49	38,04
46,52	38,13
46,54	38,23
46,56	38,34
46,59	38,43
46,61	38,51
46,64	38,62
46,66	38,73
46,69	38,80
46,71	38,89
46,73	38,98
46,76	39,09
46,78	39,18
46,81	39,24
46,83	39,35
46,86	39,45
46,88	39,52
46,91	39,59
46,93	39,69
46,95	39,79
46,98	39,86
47,00	39,93
47,03	40,04
47,05	40,14
47,08	40,20
47,10	40,26
47,13	40,35
47,15	40,44
47,17	40,51
47,20	40,56
47,22	40,67
47,25	40,75
47,27	40,80
47,30	40,88
47,32	40,97
47,35	41,05
47,37	41,10
47,39	41,16
47,42	41,25
47,44	41,32
47,47	41,38
47,49	41,45
47,52	41,52
47,54	41,58
47,57	41,63
47,59	41,69
47,61	41,77
47,64	41,84
47,66	41,87
47,69	41,94
47,71	42,03
47,74	42,10
47,76	42,15
47,78	42,21
47,81	42,29
47,83	42,35
47,86	42,39
47,88	42,45
47,91	42,52
47,93	42,58
47,96	42,61
47,98	42,67
48,00	42,76
48,03	42,80
48,05	42,84
48,08	42,89
48,10	42,96
48,13	43,01
48,15	43,05
48,18	43,11
48,20	43,18
48,22	43,22
48,25	43,26
48,27	43,32
48,30	43,37
48,32	43,41
48,35	43,43
48,37	43,48
48,40	43,54
48,42	43,57
48,44	43,59
48,47	43,64
48,49	43,70
48,52	43,73
48,54	43,75
48,57	43,80
48,59	43,85
48,62	43,85
48,64	43,89
48,66	43,95
48,69	43,99
48,71	44,03
48,74	44,03
48,76	44,08
48,79	44,13
48,81	44,14
48,84	44,17
48,86	44,20
48,88	44,24
48,91	44,27
48,93	44,28
48,96	44,33
48,98	44,37
49,01	44,37
49,03	44,40
49,05	44,44
49,08	44,46
49,10	44,46
49,13	44,48
49,15	44,52
49,18	44,55
49,20	44,55
49,23	44,58
49,25	44,61
49,27	44,61
49,30	44,61
49,32	44,61
49,35	44,65
49,37	44,66
49,40	44,65
49,42	44,67
49,45	44,68
49,47	44,68
49,49	44,67
49,52	44,67
49,54	44,68	True
49,57	44,67
49,59	44,64
49,62	44,64
49,64	44,65
49,67	44,65
49,69	44,61
49,71	44,59
49,74	44,60
49,76	44,56
49,79	44,52
49,81	44,49
49,84	44,46
49,86	44,42
49,89	44,37
49,91	44,33
49,93	44,30
49,96	44,25
49,98	44,19
50,01	44,14
50,03	44,09
50,06	44,03
50,08	43,94
50,10	43,87
50,13	43,81
50,15	43,72
50,18	43,63
50,20	43,55
50,23	43,46
50,25	43,35
50,28	43,22
50,30	43,14
50,32	43,06
50,35	42,94
50,37	42,81
50,40	42,71
50,42	42,61
50,45	42,48
50,47	42,34
50,50	42,23
50,52	42,12
50,54	41,96
50,57	41,80
50,59	41,67
50,62	41,55
50,64	41,39
50,67	41,24
50,69	41,11
50,72	40,97
50,74	40,81
50,76	40,65
50,79	40,52
50,81	40,38
50,84	40,22
50,86	40,06
50,89	39,93
50,91	39,78
50,94	39,61
50,96	39,45
50,98	39,31
51,01	39,16
51,03	38,98
51,06	38,80
51,08	38,67
51,11	38,51
51,13	38,33
51,15	38,17
51,18	38,03
51,20	37,87
51,23	37,68
51,25	37,51
51,28	37,38
51,30	37,22
51,33	37,04
51,35	36,88
51,37	36,73
51,40	36,57
51,42	36,38
51,45	36,22
51,47	36,07
51,50	35,90
51,52	35,71
51,55	35,54
51,57	35,39
51,59	35,22
51,62	35,04
51,64	34,88
51,67	34,73
51,69	34,55
51,72	34,35
51,74	34,19
51,77	34,02
51,79	33,85
51,81	33,66
51,84	33,48
51,86	33,32
51,89	33,13
51,91	32,93
51,94	32,76
51,96	32,59
51,99	32,40
52,01	32,18
52,03	32,00
52,06	31,83
52,08	31,63
52,11	31,43
52,13	31,25
52,16	31,08
52,18	30,86
52,20	30,63
52,23	30,44
52,25	30,26
52,28	30,05
52,30	29,85
52,33	29,67
52,35	29,48
52,38	29,27
52,40	29,06
52,42	28,87
52,45	28,69
52,47	28,48
52,50	28,25
52,52	28,06
52,55	27,87
52,57	27,66
52,60	27,45
52,62	27,28
52,64	27,10
52,67	26,87
52,69	26,67
52,72	26,48
52,74	26,30
52,77	26,09
52,79	25,89
52,82	25,72
52,84	25,53
52,86	25,31
52,89	25,13
52,91	24,96
52,94	24,79
52,96	24,59
52,99	24,39
53,01	24,24
53,04	24,06
53,06	23,85
53,08	23,69
53,11	23,55
53,13	23,38
53,16	23,18
53,18	23,00
53,21	22,85
53,23	22,69
53,26	22,50
53,28	22,35
53,30	22,20
53,33	22,04
53,35	21,86
53,38	21,71
53,40	21,57
53,43	21,41
53,45	21,24
53,47	21,09
53,50	20,94
53,52	20,79
53,55	20,62
53,57	20,48
53,60	20,36
53,62	20,20
53,65	20,03
53,67	19,90
53,69	19,76
53,72	19,60
53,74	19,45
53,77	19,32
53,79	19,20
53,82	19,04
53,84	18,89
53,87	18,77
53,89	18,65
53,91	18,51
53,94	18,36
53,96	18,25
53,99	18,12
54,01	17,97
54,04	17,84
54,06	17,75
54,09	17,62
54,11	17,48
54,13	17,35
54,16	17,25
54,18	17,12
54,21	16,99
54,23	16,88
54,26	16,80
54,28	16,68
54,31	16,55
54,33	16,46
54,35	16,37
54,38	16,25
54,40	16,12
54,43	16,03
54,45	15,94
54,48	15,83
54,50	15,71
54,52	15,64
54,55	15,55
54,57	15,43
54,60	15,34
54,62	15,26
54,65	15,18
54,67	15,07
54,70	14,98
54,72	14,93
54,74	14,84
54,77	14,73
54,79	14,66
54,82	14,59
54,84	14,52
54,87	14,42
54,89	14,34
54,92	14,29
54,94	14,21
54,96	14,13
54,99	14,07
55,01	14,03
55,04	13,97
55,06	13,88
55,09	13,82
55,11	13,79
55,14	13,71
55,16	13,64
55,18	13,59
55,21	13,56
55,23	13,51
55,26	13,44
55,28	13,40
55,31	13,38
55,33	13,32
55,36	13,26
55,38	13,23
55,40	13,19
55,43	13,14
55,45	13,08
55,48	13,06
55,50	13,05
55,53	12,99
55,55	12,94
55,57	12,92
55,60	12,89
55,62	12,84
55,65	12,79
55,67	12,77
55,70	12,77
55,72	12,71
55,75	12,66
55,77	12,65
55,79	12,64
55,82	12,59
55,84	12,55
55,87	12,54
55,89	12,53
55,92	12,49
55,94	12,46
55,97	12,47
55,99	12,46
56,01	12,43
56,04	12,41
56,06	12,41
56,09	12,41
56,11	12,36
56,14	12,36
56,16	12,37
56,19	12,37
56,21	12,35
56,23	12,35
56,26	12,37
56,28	12,39
56,31	12,36
56,33	12,37
56,36	12,41
56,38	12,42
56,41	12,42
56,43	12,44
56,45	12,49
56,48	12,51
56,50	12,52
56,53	12,55
56,55	12,60
56,58	12,64
56,60	12,65
56,62	12,69
56,65	12,76
56,67	12,80
56,70	12,82
56,72	12,89
56,75	12,96
56,77	13,01
56,80	13,06
56,82	13,12
56,84	13,20
56,87	13,25
56,89	13,30
56,92	13,38
56,94	13,46
56,97	13,53
56,99	13,58
57,02	13,66
57,04	13,75
57,06	13,81
57,09	13,87
57,11	13,96
57,14	14,05
57,16	14,11
57,19	14,17
57,21	14,26
57,24	14,36
57,26	14,42
57,28	14,47
57,31	14,57
57,33	14,65
57,36	14,71
57,38	14,77
57,41	14,87
57,43	14,96
57,46	15,01
57,48	15,07
57,50	15,15
57,53	15,24
57,55	15,30
57,58	15,36
57,60	15,45
57,63	15,53
57,65	15,57
57,68	15,64
57,70	15,73
57,72	15,82
57,75	15,86
57,77	15,92
57,80	16,01
57,82	16,09
57,85	16,13
57,87	16,20
57,89	16,30
57,92	16,37
57,94	16,43
57,97	16,50
57,99	16,59
58,02	16,66
58,04	16,71
58,07	16,79
58,09	16,89
58,11	16,97
58,14	17,02
58,16	17,10
58,19	17,21
58,21	17,29
58,24	17,35
58,26	17,44
58,29	17,55
58,31	17,64
58,33	17,71
58,36	17,82
58,38	17,95
58,41	18,03
58,43	18,11
58,46	18,22
58,48	18,34
58,51	18,44
58,53	18,53
58,55	18,65
58,58	18,78
58,60	18,89
58,63	18,99
58,65	19,13
58,68	19,26
58,70	19,39
58,73	19,50
58,75	19,62
58,77	19,77
58,80	19,89
58,82	19,99
58,85	20,15
58,87	20,30
58,90	20,43
58,92	20,54
58,94	20,69
58,97	20,84
58,99	20,96
59,02	21,09
59,04	21,25
59,07	21,41
59,09	21,54
59,12	21,67
59,14	21,82
59,16	21,98
59,19	22,11
59,21	22,23
59,24	22,39
59,26	22,54
59,29	22,67
59,31	22,79
59,34	22,96
59,36	23,13
59,38	23,25
59,41	23,38
59,43	23,55
59,46	23,69
59,48	23,81
59,51	23,94
59,53	24,09
59,56	24,24
59,58	24,36
59,60	24,50
59,63	24,66
59,65	24,81
59,68	24,93
59,70	25,07
59,73	25,23
59,75	25,37
59,78	25,48
59,80	25,64
59,82	25,81
59,85	25,95
59,87	26,08
59,90	26,23
59,92	26,40
59,95	26,55
59,97	26,67
59,99	26,83
60,02	27,00
60,04	27,15
60,07	27,29
60,09	27,45
60,12	27,63
60,14	27,78
60,17	27,92
60,19	28,08
60,21	28,25
60,24	28,40
60,26	28,55
60,29	28,72
60,31	28,91
60,34	29,06
60,36	29,21
60,39	29,39
60,41	29,56
60,43	29,71
60,46	29,86
60,48	30,03
60,51	30,21
60,53	30,36
60,56	30,51
60,58	30,69
60,61	30,88
60,63	31,04
60,65	31,19
60,68	31,37
60,70	31,56
60,73	31,70
60,75	31,86
60,78	32,05
60,80	32,23
60,83	32,40
60,85	32,55
60,87	32,75
60,90	32,94
60,92	33,09
60,95	33,26
60,97	33,47
61,00	33,65
61,02	33,82
61,05	33,99
61,07	34,19
61,09	34,39
61,12	34,54
61,14	34,72
61,17	34,92
61,19	35,10
61,22	35,26
61,24	35,45
61,26	35,66
61,29	35,86
61,31	36,02
61,34	36,20
61,36	36,41
61,39	36,59
61,41	36,75
61,44	36,93
61,46	37,13
61,48	37,32
61,51	37,47
61,53	37,66
61,56	37,87
61,58	38,05
61,61	38,21
61,63	38,41
61,66	38,60
61,68	38,78
61,70	38,93
61,73	39,13
61,75	39,33
61,78	39,51
61,80	39,68
61,83	39,87
61,85	40,07
61,88	40,25
61,90	40,41
61,92	40,60
61,95	40,82
61,97	41,00
62,00	41,16
62,02	41,36
62,05	41,59
62,07	41,76
62,10	41,92
62,12	42,12
62,14	42,30
62,17	42,48
62,19	42,64
62,22	42,83
62,24	43,04
62,27	43,22
62,29	43,39
62,31	43,60
62,34	43,79
62,36	43,96
62,39	44,14
62,41	44,33
62,44	44,53
62,46	44,69
62,49	44,87
62,51	45,08
62,53	45,28
62,56	45,45
62,58	45,63
62,61	45,85
62,63	46,04
62,66	46,19
62,68	46,37
62,71	46,59
62,73	46,79
62,75	46,98
62,78	47,16
62,80	47,37
62,83	47,58
62,85	47,74
62,88	47,92
62,90	48,11
62,93	48,28
62,95	48,43
62,97	48,58
63,00	48,74
63,02	48,88
63,05	49,00
63,07	49,13
63,10	49,25
63,12	49,34
63,15	49,43
63,17	49,52
63,19	49,61
63,22	49,67
63,24	49,73
63,27	49,80
63,29	49,86
63,32	49,90
63,34	49,93
63,36	49,95
63,39	49,98
63,41	49,99
63,44	49,99
63,46	49,99
63,49	49,99
63,51	49,99
63,54	49,99
63,56	49,99
63,58	49,99
63,61	49,99
63,63	49,99
63,66	49,99
63,68	49,99
63,71	49,99
63,73	49,99
63,76	49,99
63,78	49,99
63,80	49,99
63,83	49,99
63,85	49,99
63,88	49,99
63,90	49,99
63,93	49,99
63,95	49,99
63,98	49,99
64,00	49,99
64,02	49,99
64,05	49,99
64,07	49,99
64,10	49,99
64,12	49,99
64,15	49,99
64,17	49,99
64,20	49,99
64,22	49,99
64,24	49,99
64,27	49,99
64,29	49,99
64,32	49,99
64,34	49,99
64,37	49,99
64,39	49,99
64,41	49,99
64,44	49,99
64,46	49,99
64,49	49,99
64,51	49,99
64,54	49,99
64,56	49,99
64,59	49,99
64,61	49,99
64,63	49,99
64,66	49,99
64,68	49,99
64,71	49,99
64,73	49,99
64,76	49,99
64,78	49,99
64,81	49,99
64,83	49,99
64,85	49,99
64,88	49,99
64,90	49,99
64,93	49,99
64,95	49,99
64,98	49,99
65,00	49,99
65,03	49,99
65,05	49,99
65,07	49,99
65,10	49,99
65,12	49,99
65,15	49,99
65,17	49,99
65,20	49,99
65,22	49,99
65,25	49,99
65,27	49,99
65,29	49,99
65,32	49,99
65,34	49,99
65,37	49,99
65,39	49,99
65,42	49,99
65,44	49,99
65,47	49,99
65,49	49,99
65,51	49,99
65,54	49,99
65,56	49,99
65,59	49,99
65,61	49,99
65,64	49,99
65,66	49,99
65,68	49,99
65,71	49,99
65,73	49,99
65,76	49,99
65,78	49,99
65,81	49,99
65,83	49,99
65,86	49,99
65,88	49,99
65,90	49,99
65,93	49,99
65,95	49,99
65,98	49,99
66,00	49,99
66,03	49,99
66,05	49,99
66,08	49,99
66,10	49,99
66,12	49,99
66,15	49,99
66,17	49,99
66,20	49,99
66,22	49,99
66,25	49,99
66,27	49,99
66,30	49,99
66,32	49,99
66,34	49,99
66,37	49,99
66,39	49,99
66,42	49,99
66,44	49,99
66,47	49,99
66,49	49,99
66,52	49,99
66,54	49,99
66,56	49,99
66,59	49,99
66,61	49,99
66,64	49,99
66,66	49,99
66,69	49,99
66,71	49,99
66,73	49,99
66,76	49,99
66,78	49,99
66,81	49,99
66,83	49,99
66,86	49,99
66,88	49,99
66,91	49,99
66,93	49,99
66,95	49,99
66,98	49,99
67,00	49,99
67,03	49,99
67,05	49,99
67,08	49,99
67,10	49,99
67,13	49,99
67,15	49,99
67,17	49,99
67,20	49,99
67,22	49,99
67,25	49,99
67,27	49,99
67,30	49,99
67,32	49,99
67,35	49,99
67,37	49,99
67,39	49,99
67,42	49,99
67,44	49,99
67,47	49,99
67,49	49,99
67,52	49,99
67,54	49,99
67,57	49,99
67,59	49,99
67,61	49,99
67,64	49,99
67,66	49,99
67,69	49,99
67,71	49,99
67,74	49,99
67,76	49,99
67,78	49,99
67,81	49,99
67,83	49,99
67,86	49,99
67,88	49,99
67,91	49,99
67,93	49,99
67,96	49,99
67,98	49,99
68,00	49,99
68,03	49,99
68,05	49,99
68,08	49,99
68,10	49,99
68,13	49,99
68,15	49,99
68,18	49,99
68,20	49,99
68,22	49,99
68,25	49,99
68,27	49,99
68,30	49,99
68,32	49,99
68,35	49,99
68,37	49,99
68,40	49,99
68,42	49,99
68,44	49,99
68,47	49,99
68,49	49,99
68,52	49,99
68,54	49,99
68,57	49,99
68,59	49,99
68,62	49,99
68,64	49,99
68,66	49,99
68,69	49,99
68,71	49,99
68,74	49,99
68,76	49,99
68,79	49,99
68,81	49,99
68,83	49,99
68,86	49,99
68,88	49,99
68,91	49,99
68,93	49,99
68,96	49,99
68,98	49,99
69,01	49,99
69,03	49,99
69,05	49,99
69,08	49,99
69,10	49,99
69,13	49,99
69,15	49,99
69,18	49,99
69,20	49,99
69,23	49,99
69,25	49,99
69,27	49,99
69,30	49,99
69,32	49,99
69,35	49,99
69,37	49,99
69,40	49,99
69,42	49,99
69,45	49,99
69,47	49,99
69,49	49,99
69,52	49,99
69,54	49,99
69,57	49,99
69,59	49,99
69,62	49,99
69,64	49,99
69,67	49,99
69,69	49,99
69,71	49,99
69,74	49,99
69,76	49,99
69,79	49,99
69,81	49,99
69,84	49,99
69,86	49,99
69,89	49,99
69,91	49,99
69,93	49,99
69,96	49,99
69,98	49,99
70,01	49,99
70,03	49,99
70,06	49,99
70,08	49,99
70,10	49,99
70,13	49,99
70,15	49,99
70,18	49,99
70,20	49,99
70,23	49,99
70,25	49,99
70,28	49,99
70,30	49,99
70,32	49,99
70,35	49,99
70,37	49,99
70,40	49,99
70,42	49,99
70,45	49,99
70,47	49,99
70,50	49,99
70,52	49,99
70,54	49,99
70,57	49,99
70,59	49,99
70,62	49,99
70,64	49,99
70,67	49,99
70,69	49,99
70,72	49,99
70,74	49,99
70,76	49,99
70,79	49,99
70,81	49,99
70,84	49,99
70,86	49,99
70,89	49,99
70,91	49,99
70,94	49,99
70,96	49,99
70,98	49,99
71,01	49,99
71,03	49,99
71,06	49,99
71,08	49,99
71,11	49,99
71,13	49,99
71,15	49,99
71,18	49,99
71,20	49,99
71,23	49,99
71,25	49,99
71,28	49,99
71,30	49,99
71,33	49,99
71,35	49,99
71,37	49,99
71,40	49,99
71,42	49,99
71,45	49,99
71,47	49,99
71,50	49,99
71,52	49,99
71,55	49,99
71,57	49,99
71,59	49,99
71,62	49,99
71,64	49,99
71,67	49,99
71,69	49,99
71,72	49,99
71,74	49,99
71,77	49,99
71,79	49,99
71,81	49,99
71,84	49,99
71,86	49,99
71,89	49,99
71,91	49,99
71,94	49,99
71,96	49,99
71,99	49,99
72,01	49,99
72,03	49,99
72,06	49,99
72,08	49,99
72,11	49,99
72,13	49,99
72,16	49,99
72,18	49,99
72,20	49,99
72,23	49,99
72,25	49,99
72,28	49,99
72,30	49,99
72,33	49,99
72,35	49,99
72,38	49,99
72,40	49,99
72,42	49,99
72,45	49,99
72,47	49,99
72,50	49,99
72,52	49,99
72,55	49,99
72,57	49,99
72,60	49,99
72,62	49,99
72,64	49,99
72,67	49,99
72,69	49,99
72,72	49,99
72,74	49,99
72,77	49,99
72,79	49,99
72,82	49,99
72,84	49,99
72,86	49,99
72,89	49,99
72,91	49,99
72,94	49,99
72,96	49,99
72,99	49,99
73,01	49,99
73,04	49,99
73,06	49,99
73,08	49,99
73,11	49,99
73,13	49,99
73,16	49,99
73,18	49,99
73,21	49,99
73,23	49,99
73,25	49,99
73,28	49,99
73,30	49,99
73,33	49,99
73,35	49,99
73,38	49,99
73,40	49,99
73,43	49,99
73,45	49,99
73,47	49,99
73,50	49,99
73,52	49,99
73,55	49,99
73,57	49,99
73,60	49,99
73,62	49,99
73,65	49,99
73,67	49,99
73,69	49,99
73,72	49,99
73,74	49,99
73,77	49,99
73,79	49,99
73,82	49,99
73,84	49,99
73,87	49,99
73,89	49,99
73,91	49,99
73,94	49,99
73,96	49,99
73,99	49,99
74,01	49,99
74,04	49,99
74,06	49,99
74,09	49,99
74,11	49,99
74,13	49,99
74,16	49,99
74,18	49,99
74,21	49,99
74,23	49,99
74,26	49,99
74,28	49,99
74,31	49,99
74,33	49,99
74,35	49,99
74,38	49,99
74,40	49,99
74,43	49,99
74,45	49,99
74,48	49,99
74,50	49,99
74,52	49,99
74,55	49,99
74,57	49,99
74,60	49,99
74,62	49,99
74,65	49,99
74,67	49,99
74,70	49,99
74,72	49,99
74,74	49,99
74,77	49,99
74,79	49,99
74,82	49,99
74,84	49,99
74,87	49,99
74,89	49,99
74,92	49,99
74,94	49,99
74,96	49,99
74,99	49,99
75,01	49,99
75,04	49,99
75,06	49,99
75,09	49,99
75,11	49,99
75,14	49,99
75,16	49,99
75,18	49,99
75,21	49,99
75,23	49,99
75,26	49,99
75,28	49,99
75,31	49,99
75,33	49,99
75,36	49,99
75,38	49,99
75,40	49,99
75,43	49,99
75,45	49,99
75,48	49,99
75,50	49,99
75,53	49,99
75,55	49,99
75,57	49,99
75,60	49,99
75,62	49,99
75,65	49,99
75,67	49,99
75,70	49,99
75,72	49,99
75,75	49,99
75,77	49,99
75,79	49,99
75,82	49,99
75,84	49,99
75,87	49,99
75,89	49,99
75,92	49,99
75,94	49,99
75,97	49,99
75,99	49,99
76,01	49,99
76,04	49,99
76,06	49,99
76,09	49,99
76,11	49,99
76,14	49,99
76,16	49,99
76,19	49,99
76,21	49,99
76,23	49,99
76,26	49,99
76,28	49,99
76,31	49,99
76,33	49,99
76,36	49,99
76,38	49,99
76,41	49,99
76,43	49,99
76,45	49,99
76,48	49,99
76,50	49,99
76,53	49,99
76,55	49,99
76,58	49,99
76,60	49,99
76,62	49,99
76,65	49,99
76,67	49,99
76,70	49,99
76,72	49,99
76,75	49,99
76,77	49,99
76,80	49,99
76,82	49,99
76,84	49,99
76,87	49,99
76,89	49,99
76,92	49,99
76,94	49,99
76,97	49,99
76,99	49,99
77,02	49,99
77,04	49,99
77,06	49,99
77,09	49,99
77,11	49,99
77,14	49,99
77,16	49,99
77,19	49,99
77,21	49,99
77,24	49,99
77,26	49,99
77,28	49,99
77,31	49,99
77,33	49,99
77,36	49,99
77,38	49,99
77,41	49,99
77,43	49,99
77,46	49,99
77,48	49,99
77,50	49,99
77,53	49,99
77,55	49,99
77,58	49,99
77,60	49,99
77,63	49,99
77,65	49,99
77,68	49,99
77,70	49,99
77,72	49,99
77,75	49,99
77,77	49,99
77,80	49,99
77,82	49,99
77,85	49,99
77,87	49,99
77,89	49,99
77,92	49,99
77,94	49,99
77,97	49,99
77,99	49,99
78,02	49,99
78,04	49,99
78,07	49,99
78,09	49,99
78,11	49,99
78,14	49,99
78,16	49,99
78,19	49,99
78,21	49,99
78,24	49,99
78,26	49,99
78,29	49,99
78,31	49,99
78,33	49,99
78,36	49,99
78,38	49,99
78,41	49,99
78,43	49,99
78,46	49,99
78,48	49,99
78,51	49,99
78,53	49,99
78,55	49,99
78,58	49,99
78,60	49,99
78,63	49,99
78,65	49,99
78,68	49,99
78,70	49,99
78,73	49,99
78,75	49,99
78,77	49,99
78,80	49,99
78,82	49,99
78,85	49,99
78,87	49,99
78,90	49,99
78,92	49,99
78,94	49,99
78,97	49,99
78,99	49,99
79,02	49,99
79,04	49,99
79,07	49,99
79,09	49,99
79,12	49,99
79,14	49,99
79,16	49,99
79,19	49,99
79,21	49,99
79,24	49,99
79,26	49,99
79,29	49,99
79,31	49,99
79,34	49,99
79,36	49,99
79,38	49,99
79,41	49,99
79,43	49,99
79,46	49,99
79,48	49,99
79,51	49,99
79,53	49,99
79,56	49,99
79,58	49,99
79,60	49,99
79,63	49,99
79,65	49,99
79,68	49,99
79,70	49,99
79,73	49,99
79,75	49,99
79,78	49,99
79,80	49,99
79,82	49,99
79,85	49,99
79,87	49,99
79,90	49,99
79,92	49,99
79,95	49,99
79,97	49,99
79,99	49,99
80,02	49,99
80,04	49,99
80,07	49,99
80,09	49,99
80,12	49,99
80,14	49,99
80,17	49,99
80,19	49,99
80,21	49,99
80,24	49,99
80,26	49,99
80,29	49,99
80,31	49,99
80,34	49,99
80,36	49,99
80,39	49,99
80,41	49,99
80,43	49,99
80,46	49,99
80,48	49,99
80,51	49,99
80,53	49,99
80,56	49,99
80,58	49,99
80,61	49,99
80,63	49,99
80,65	49,99
80,68	49,99
80,70	49,99
80,73	49,99
80,75	49,99
80,78	49,99
80,80	49,99
80,83	49,99
80,85	49,99
80,87	49,99
80,90	49,99
80,92	49,99
80,95	49,99
80,97	49,99
81,00	49,99
81,02	49,99
81,04	49,99
81,07	49,99
81,09	49,99
81,12	49,99
81,14	49,99
81,17	49,99
81,19	49,99
81,22	49,99
81,24	49,99
81,26	49,99
81,29	49,99
81,31	49,99
81,34	49,99
81,36	49,99
81,39	49,99
81,41	49,99
81,44	49,99
81,46	49,99
81,48	49,99
81,51	49,99
81,53	49,99
81,56	49,99
81,58	49,99
81,61	49,99
81,63	49,99
81,66	49,99
81,68	49,99
81,70	49,99
81,73	49,99
81,75	49,99
81,78	49,99
81,80	49,99
81,83	49,99
81,85	49,99
81,88	49,99
81,90	49,99
81,92	49,99
81,95	49,99
81,97	49,99
82,00	49,99
82,02	49,99
82,05	49,99
82,07	49,99
82,10	49,99
82,12	49,99
82,14	49,99
82,17	49,99
82,19	49,99
82,22	49,99
82,24	49,99
82,27	49,99
82,29	49,99
82,31	49,99
82,34	49,99
82,36	49,99
82,39	49,99
82,41	49,99
82,44	49,99
82,46	49,99
82,49	49,99
82,51	49,99
82,53	49,99
82,56	49,99
82,58	49,99
82,61	49,99
82,63	49,99
82,66	49,99
82,68	49,99
82,71	49,99
82,73	49,99
82,75	49,99
82,78	49,99
82,80	49,99
82,83	49,99
82,85	49,99
82,88	49,99
82,90	49,99
82,93	49,99
82,95	49,99
82,97	49,99
83,00	49,99
83,02	49,99
83,05	49,99
83,07	49,99
83,10	49,99
83,12	49,99
83,15	49,99
83,17	49,99
83,19	49,99
83,22	49,99
83,24	49,99
83,27	49,99
83,29	49,99
83,32	49,99
83,34	49,99
83,36	49,99
83,39	49,99
83,41	49,99
83,44	49,99
83,46	49,99
83,49	49,99
83,51	49,99
83,54	49,99
83,56	49,99
83,58	49,99
83,61	49,99
83,63	49,99
83,66	49,99
83,68	49,99
83,71	49,99
83,73	49,99
83,76	49,99
83,78	49,99
83,80	49,99
83,83	49,99
83,85	49,99
83,88	49,99
83,90	49,99
83,93	49,99
83,95	49,99
83,98	49,99
84,00	49,99
84,02	49,99
84,05	49,99
84,07	49,99
84,10	49,99
84,12	49,99
84,15	49,99
84,17	49,99
84,20	49,99
84,22	49,99
84,24	49,99
84,27	49,99
84,29	49,99
84,32	49,99
84,34	49,99
84,37	49,99
84,39	49,99
84,41	49,99
84,44	49,99
84,46	49,99
84,49	49,99
84,51	49,99
84,54	49,99
84,56	49,99
84,59	49,99
84,61	49,99
84,63	49,99
84,66	49,99
84,68	49,99
84,71	49,99
84,73	49,99
84,76	49,99
84,78	49,99
84,81	49,99
84,83	49,99
84,85	49,99
84,88	49,99
84,90	49,99
84,93	49,99
84,95	49,99
84,98	49,99
85,00	49,99
85,03	49,99
85,05	49,99
85,07	49,99
85,10	49,99
85,12	49,99
85,15	49,99
85,17	49,99
85,20	49,99
85,22	49,99
85,25	49,99
85,27	49,99
85,29	49,99
85,32	49,99
85,34	49,99
85,37	49,99
85,39	49,99
85,42	49,99
85,44	49,99
85,47	49,99
85,49	49,99
85,51	49,99
85,54	49,99
85,56	49,99
85,59	49,99
85,61	49,99
85,64	49,99
85,66	49,99
85,68	49,99
85,71	49,99
85,73	49,99
85,76	49,99
85,78	49,99
85,81	49,99
85,83	49,99
85,86	49,99
85,88	49,99
85,90	49,99
85,93	49,99
85,95	49,99
85,98	49,99
86,00	49,99
86,03	49,99
86,05	49,99
86,08	49,99
86,10	49,99
86,12	49,99
86,15	49,99
86,17	49,99
86,20	49,99
86,22	49,99
86,25	49,99
86,27	49,99
86,30	49,99
86,32	49,99
86,34	49,99
86,37	49,99
86,39	49,99
86,42	49,99
86,44	49,99
86,47	49,99
86,49	49,99
86,52	49,99
86,54	49,99
86,56	49,99
86,59	49,99
86,61	49,99
86,64	49,99
86,66	49,99
86,69	49,99
86,71	49,99
86,73	49,99
86,76	49,99
86,78	49,99
86,81	49,99
86,83	49,99
86,86	49,99
86,88	49,99
86,91	49,99
86,93	49,99
86,95	49,99
86,98	49,99
87,00	49,99
87,03	49,99
87,05	49,99
87,08	49,99
87,10	49,99
87,13	49,99
87,15	49,99
87,17	49,99
87,20	49,99
87,22	49,99
87,25	49,99
87,27	49,99
87,30	49,99
87,32	49,99
87,35	49,99
87,37	49,99
87,39	49,99
87,42	49,99
87,44	49,99
87,47	49,99
87,49	49,99
87,52	49,99
87,54	49,99
87,57	49,99
87,59	49,99
87,61	49,99
87,64	49,99
87,66	49,99
87,69	49,99
87,71	49,99
87,74	49,99
87,76	49,99
87,78	49,99
87,81	49,99
87,83	49,99
87,86	49,99
87,88	49,99
87,91	49,99
87,93	49,99
87,96	49,99
87,98	49,99
88,00	49,99
88,03	49,99
88,05	49,99
88,08	49,99
88,10	49,99
88,13	49,99
88,15	49,99
88,18	49,99
88,20	49,99
88,22	49,99
88,25	49,99
88,27	49,99
88,30	49,99
88,32	49,99
88,35	49,99
88,37	49,99
88,40	49,99
88,42	49,99
88,44	49,99
88,47	49,99
88,49	49,99
88,52	49,99
88,54	49,99
88,57	49,99
88,59	49,99
88,62	49,99
88,64	49,99
88,66	49,99
88,69	49,99
88,71	49,99
88,74	49,99
88,76	49,99
88,79	49,99
88,81	49,99
88,83	49,99
88,86	49,99
88,88	49,99
88,91	49,99
88,93	49,99
88,96	49,99
88,98	49,99
89,01	49,99
89,03	49,99
89,05	49,99
89,08	49,99
89,10	49,99
89,13	49,99
89,15	49,99
89,18	49,99
89,20	49,99
89,23	49,99
89,25	49,99
89,27	49,99
89,30	49,99
89,32	49,99
89,35	49,99
89,37	49,99
89,40	49,99
89,42	49,99
89,45	49,99
89,47	49,99
89,49	49,99
89,52	49,99
89,54	49,99
89,57	49,99
89,59	49,99
89,62	49,99
89,64	49,99
89,67	49,99
89,69	49,99
89,71	49,99
89,74	49,99
89,76	49,99
89,79	49,99
89,81	49,99
89,84	49,99
89,86	49,99
89,89	49,99
89,91	49,99
89,93	49,99
89,96	49,99
89,98	49,99
90,01	49,99
90,03	49,99
90,06	49,99
90,08	49,99
90,10	49,99
90,13	49,99
90,15	49,99
90,18	49,99
90,20	49,99
90,23	49,99
90,25	49,99
90,28	49,99
90,30	49,99
90,32	49,99
90,35	49,99
90,37	49,99
90,40	49,99
90,42	49,99
90,45	49,99
90,47	49,99
90,50	49,99
90,52	49,99
90,54	49,99
90,57	49,99
90,59	49,99
90,62	49,99
90,64	49,99
90,67	49,99
90,69	49,99
90,72	49,99
90,74	49,99
90,76	49,99
90,79	49,99
90,81	49,99
90,84	49,99
90,86	49,99
90,89	49,99
90,91	49,99
90,94	49,99
90,96	49,99
90,98	49,99
91,01	49,99
91,03	49,99
91,06	49,99
91,08	49,99
91,11	49,99
91,13	49,99
91,15	49,99
91,18	49,99
91,20	49,99
91,23	49,99
91,25	49,99
91,28	49,99
91,30	49,99
91,33	49,99
91,35	49,99
91,37	49,99
91,40	49,99
91,42	49,99
91,45	49,99
91,47	49,99
91,50	49,99
91,52	49,99
91,55	49,99
91,57	49,99
91,59	49,99
91,62	49,99
91,64	49,99
91,67	49,99
91,69	49,99
91,72	49,99
91,74	49,99
91,77	49,99
91,79	49,99
91,81	49,99
91,84	49,99
91,86	49,99
91,89	49,99
91,91	49,99
91,94	49,99
91,96	49,99
91,99	49,99
92,01	49,99
92,03	49,99
92,06	49,99
92,08	49,99
92,11	49,99
92,13	49,99
92,16	49,99
92,18	49,99
92,20	49,99
92,23	49,99
92,25	49,99
92,28	49,99
92,30	49,99
92,33	49,99
92,35	49,99
92,38	49,99
92,40	49,99
92,42	49,99
92,45	49,99
92,47	49,99
92,50	49,99
92,52	49,99
92,55	49,99
92,57	49,99
92,60	49,99
92,62	49,99
92,64	49,99
92,67	49,99
92,69	49,99
92,72	49,99
92,74	49,99
92,77	49,99
92,79	49,99
92,82	49,99
92,84	49,99
92,86	49,99
92,89	49,99
92,91	49,99
92,94	49,99
92,96	49,99
92,99	49,99
93,01	49,99
93,04	49,99
93,06	49,99
93,08	49,99
93,11	49,99
93,13	49,99
93,16	49,99
93,18	49,99
93,21	49,99
93,23	49,99
93,25	49,99
93,28	49,99
93,30	49,99
93,33	49,99
93,35	49,99
93,38	49,99
93,40	49,99
93,43	49,99
93,45	49,99
93,47	49,99
93,50	49,99
93,52	49,99
93,55	49,99
93,57	49,99
93,60	49,99
93,62	49,99
93,65	49,99
93,67	49,99
93,69	49,99
93,72	49,99
93,74	49,99
93,77	49,99
93,79	49,99
93,82	49,99
93,84	49,99
93,87	49,99
93,89	49,99
93,91	49,99
93,94	49,99
93,96	49,99
93,99	49,99
94,01	49,99
94,04	49,99
94,06	49,99
94,09	49,99
94,11	49,99
94,13	49,99
94,16	49,99
94,18	49,99
94,21	49,99
94,23	49,99
94,26	49,99
94,28	49,99
94,31	49,99
94,33	49,99
94,35	49,99
94,38	49,99
94,40	49,99
94,43	49,99
94,45	49,99
94,48	49,99
94,50	49,99
94,52	49,99
94,55	49,99
94,57	49,99
94,60	49,99
94,62	49,99
94,65	49,99
94,67	49,99
94,70	49,99
94,72	49,99
94,74	49,99
94,77	49,99
94,79	49,99
94,82	49,99
94,84	49,99
94,87	49,99
94,89	49,99
94,92	49,99
94,94	49,99
94,96	49,99
94,99	49,99
95,01	49,99
95,04	49,99
95,06	49,99
95,09	49,99
95,11	49,99
95,14	49,99
95,16	49,99
95,18	49,99
95,21	49,99
95,23	49,99
95,26	49,99
95,28	49,99
95,31	49,99
95,33	49,99
95,36	49,99
95,38	49,99
95,40	49,99
95,43	49,99
95,45	49,99
95,48	49,99
95,50	49,99
95,53	49,99
95,55	49,99
95,57	49,99
95,60	49,99
95,62	49,99
95,65	49,99
95,67	49,99
95,70	49,99
95,72	49,99
95,75	49,99
95,77	49,99
95,79	49,99
95,82	49,99
95,84	49,99
95,87	49,99
95,89	49,99
95,92	49,99
95,94	49,99
95,97	49,99
95,99	49,99
96,01	49,99
96,04	49,99
96,06	49,99
96,09	49,99
96,11	49,99
96,14	49,99
96,16	49,99
96,19	49,99
96,21	49,99
96,23	49,99
96,26	49,99
96,28	49,99
96,31	49,99
96,33	49,99
96,36	49,99
96,38	49,99
96,41	49,99
96,43	49,99
96,45	49,99
96,48	49,99
96,50	49,99
96,53	49,99
96,55	49,99
96,58	49,99
96,60	49,99
96,62	49,99
96,65	49,99
96,67	49,99
96,70	49,99
96,72	49,99
96,75	49,99
96,77	49,99
96,80	49,99
96,82	49,99
96,84	49,99
96,87	49,99
96,89	49,99
96,92	49,99
96,94	49,99
96,97	49,99
96,99	49,99
97,02	49,99
97,04	49,99
97,06	49,99
97,09	49,99
97,11	49,99
97,14	49,99
97,16	49,99
97,19	49,99
97,21	49,99
97,24	49,99
97,26	50,00
97,28	50,00
97,31	50,00
97,33	50,00