Voltage U1	Corriente IA
0,02	0,04
0,04	0,04
0,07	0,04
0,09	0,04
0,12	0,03
0,14	0,03
0,17	0,03
0,19	0,03
0,21	0,03
0,24	0,03
0,26	0,02
0,29	0,03
0,31	0,02
0,34	0,02
0,36	0,02
0,39	0,02
0,41	0,02
0,43	0,02
0,46	0,02
0,48	0,03
0,51	0,03
0,53	0,03
0,56	0,02
0,58	0,02
0,61	0,02
0,63	0,02
0,65	0,03
0,68	0,03
0,70	0,03
0,73	0,03
0,75	0,03
0,78	0,03
0,80	0,03
0,83	0,03
0,85	0,04
0,87	0,04
0,90	0,04
0,92	0,04
0,95	0,04
0,97	0,04
1,00	0,04
1,02	0,04
1,05	0,04
1,07	0,04
1,09	0,04
1,12	0,04
1,14	0,04
1,17	0,04
1,19	0,04
1,22	0,04
1,24	0,04
1,26	0,04
1,29	0,04
1,31	0,04
1,34	0,04
1,36	0,04
1,39	0,04
1,41	0,04
1,44	0,04
1,46	0,04
1,48	0,04
1,51	0,03
1,53	0,03
1,56	0,03
1,58	0,03
1,61	0,03
1,63	0,03
1,66	0,03
1,68	0,03
1,70	0,03
1,73	0,03
1,75	0,03
1,78	0,03
1,80	0,03
1,83	0,03
1,85	0,03
1,88	0,03
1,90	0,03
1,92	0,03
1,95	0,03
1,97	0,03
2,00	0,03
2,02	0,03
2,05	0,03
2,07	0,03
2,10	0,03
2,12	0,03
2,14	0,03
2,17	0,03
2,19	0,03
2,22	0,03
2,24	0,03
2,27	0,03
2,29	0,03
2,31	0,03
2,34	0,03
2,36	0,03
2,39	0,04
2,41	0,04
2,44	0,04
2,46	0,04
2,49	0,04
2,51	0,04
2,53	0,04
2,56	0,04
2,58	0,04
2,61	0,04
2,63	0,04
2,66	0,04
2,68	0,04
2,71	0,04
2,73	0,04
2,75	0,04
2,78	0,05
2,80	0,05
2,83	0,05
2,85	0,05
2,88	0,05
2,90	0,05
2,93	0,05
2,95	0,05
2,97	0,05
3,00	0,05
3,02	0,05
3,05	0,04
3,07	0,04
3,10	0,04
3,12	0,04
3,15	0,04
3,17	0,05
3,19	0,05
3,22	0,05
3,24	0,04
3,27	0,04
3,29	0,04
3,32	0,04
3,34	0,03
3,36	0,03
3,39	0,03
3,41	0,03
3,44	0,03
3,46	0,03
3,49	0,03
3,51	0,03
3,54	0,03
3,56	0,03
3,58	0,03
3,61	0,03
3,63	0,03
3,66	0,03
3,68	0,03
3,71	0,03
3,73	0,03
3,76	0,02
3,78	0,02
3,80	0,03
3,83	0,02
3,85	0,02
3,88	0,02
3,90	0,02
3,93	0,02
3,95	0,02
3,98	0,02
4,00	0,02
4,02	0,02
4,05	0,02
4,07	0,02
4,10	0,02
4,12	0,02
4,15	0,02
4,17	0,02
4,20	0,02
4,22	0,02
4,24	0,02
4,27	0,02
4,29	0,02
4,32	0,03
4,34	0,03
4,37	0,03
4,39	0,03
4,42	0,03
4,44	0,03
4,46	0,03
4,49	0,03
4,51	0,03
4,54	0,03
4,56	0,03
4,59	0,03
4,61	0,04
4,63	0,04
4,66	0,04
4,68	0,03
4,71	0,03
4,73	0,03
4,76	0,03
4,78	0,03
4,81	0,04
4,83	0,04
4,85	0,04
4,88	0,04
4,90	0,04
4,93	0,04
4,95	0,04
4,98	0,03
5,00	0,03
5,03	0,03
5,05	0,03
5,07	0,03
5,10	0,04
5,12	0,04
5,15	0,04
5,17	0,03
5,20	0,03
5,22	0,03
5,25	0,03
5,27	0,03
5,29	0,03
5,32	0,03
5,34	0,03
5,37	0,03
5,39	0,03
5,42	0,03
5,44	0,03
5,47	0,02
5,49	0,02
5,51	0,02
5,54	0,02
5,56	0,02
5,59	0,02
5,61	0,02
5,64	0,02
5,66	0,02
5,68	0,02
5,71	0,02
5,73	0,02
5,76	0,01
5,78	0,01
5,81	0,01
5,83	0,01
5,86	0,02
5,88	0,01
5,90	0,01
5,93	0,02
5,95	0,01
5,98	0,01
6,00	0,01
6,03	0,01
6,05	0,01
6,08	0,01
6,10	0,01
6,12	0,01
6,15	0,01
6,17	0,01
6,20	0,01
6,22	0,01
6,25	0,02
6,27	0,02
6,30	0,02
6,32	0,02
6,34	0,02
6,37	0,02
6,39	0,02
6,42	0,02
6,44	0,03
6,47	0,03
6,49	0,03
6,52	0,03
6,54	0,03
6,56	0,03
6,59	0,03
6,61	0,03
6,64	0,03
6,66	0,03
6,69	0,03
6,71	0,03
6,73	0,04
6,76	0,04
6,78	0,04
6,81	0,04
6,83	0,04
6,86	0,04
6,88	0,04
6,91	0,03
6,93	0,03
6,95	0,03
6,98	0,03
7,00	0,03
7,03	0,03
7,05	0,03
7,08	0,03
7,10	0,02
7,13	0,02
7,15	0,02
7,17	0,02
7,20	0,02
7,22	0,03
7,25	0,03
7,27	0,03
7,30	0,02
7,32	0,02
7,35	0,02
7,37	0,02
7,39	0,02
7,42	0,02
7,44	0,02
7,47	0,02
7,49	0,02
7,52	0,02
7,54	0,02
7,57	0,02
7,59	0,02
7,61	0,02
7,64	0,02
7,66	0,02
7,69	0,01
7,71	0,01
7,74	0,01
7,76	0,01
7,78	0,02
7,81	0,02
7,83	0,02
7,86	0,02
7,88	0,02
7,91	0,02
7,93	0,02
7,96	0,02
7,98	0,03
8,00	0,03
8,03	0,03
8,05	0,03
8,08	0,03
8,10	0,03
8,13	0,03
8,15	0,03
8,18	0,04
8,20	0,04
8,22	0,04
8,25	0,04
8,27	0,04
8,30	0,04
8,32	0,04
8,35	0,04
8,37	0,04
8,40	0,04
8,42	0,04
8,44	0,04
8,47	0,04
8,49	0,04
8,52	0,04
8,54	0,04
8,57	0,04
8,59	0,04
8,62	0,04
8,64	0,04
8,66	0,04
8,69	0,04
8,71	0,04
8,74	0,03
8,76	0,04
8,79	0,04
8,81	0,04
8,84	0,03
8,86	0,03
8,88	0,03
8,91	0,03
8,93	0,03
8,96	0,03
8,98	0,03
9,01	0,03
9,03	0,03
9,05	0,03
9,08	0,03
9,10	0,03
9,13	0,03
9,15	0,03
9,18	0,03
9,20	0,03
9,23	0,02
9,25	0,02
9,27	0,02
9,30	0,02
9,32	0,02
9,35	0,02
9,37	0,02
9,40	0,02
9,42	0,02
9,45	0,02
9,47	0,02
9,49	0,02
9,52	0,02
9,54	0,02
9,57	0,02
9,59	0,02
9,62	0,02
9,64	0,02
9,67	0,02
9,69	0,02
9,71	0,02
9,74	0,02
9,76	0,02
9,79	0,03
9,81	0,03
9,84	0,03
9,86	0,03
9,89	0,03
9,91	0,04
9,93	0,04
9,96	0,04
9,98	0,04
10,01	0,04
10,03	0,04
10,06	0,03
10,08	0,03
10,10	0,04
10,13	0,04
10,15	0,04
10,18	0,04
10,20	0,04
10,23	0,04
10,25	0,04
10,28	0,03
10,30	0,04
10,32	0,04
10,35	0,04
10,37	0,04
10,40	0,04
10,42	0,04
10,45	0,04
10,47	0,04
10,50	0,04
10,52	0,04
10,54	0,04
10,57	0,04
10,59	0,04
10,62	0,04
10,64	0,04
10,67	0,04
10,69	0,04
10,72	0,04
10,74	0,04
10,76	0,03
10,79	0,03
10,81	0,03
10,84	0,03
10,86	0,03
10,89	0,03
10,91	0,03
10,94	0,03
10,96	0,03
10,98	0,03
11,01	0,03
11,03	0,03
11,06	0,03
11,08	0,03
11,11	0,03
11,13	0,03
11,15	0,03
11,18	0,03
11,20	0,03
11,23	0,03
11,25	0,03
11,28	0,02
11,30	0,02
11,33	0,02
11,35	0,03
11,37	0,03
11,40	0,03
11,42	0,03
11,45	0,03
11,47	0,03
11,50	0,03
11,52	0,02
11,55	0,03
11,57	0,02
11,59	0,02
11,62	0,02
11,64	0,02
11,67	0,02
11,69	0,02
11,72	0,02
11,74	0,02
11,77	0,02
11,79	0,02
11,81	0,02
11,84	0,03
11,86	0,03
11,89	0,03
11,91	0,03
11,94	0,03
11,96	0,03
11,99	0,03
12,01	0,03
12,03	0,04
12,06	0,04
12,08	0,04
12,11	0,04
12,13	0,04
12,16	0,04
12,18	0,04
12,21	0,04
12,23	0,04
12,25	0,04
12,28	0,04
12,30	0,04
12,33	0,04
12,35	0,04
12,38	0,04
12,40	0,04
12,42	0,04
12,45	0,04
12,47	0,04
12,50	0,03
12,52	0,03
12,55	0,03
12,57	0,03
12,60	0,03
12,62	0,03
12,64	0,03
12,67	0,03
12,69	0,02
12,72	0,02
12,74	0,02
12,77	0,02
12,79	0,02
12,82	0,02
12,84	0,02
12,86	0,02
12,89	0,03
12,91	0,03
12,94	0,03
12,96	0,03
12,99	0,03
13,01	0,03
13,04	0,03
13,06	0,03
13,08	0,04
13,11	0,04
13,13	0,04
13,16	0,03
13,18	0,04
13,21	0,04
13,23	0,04
13,26	0,04
13,28	0,04
13,30	0,04
13,33	0,04
13,35	0,04
13,38	0,04
13,40	0,04
13,43	0,04
13,45	0,04
13,47	0,04
13,50	0,04
13,52	0,04
13,55	0,03
13,57	0,04
13,60	0,04
13,62	0,04
13,65	0,03
13,67	0,03
13,69	0,03
13,72	0,03
13,74	0,02
13,77	0,04
13,79	0,04
13,82	0,04
13,84	0,03
13,87	0,03
13,89	0,03
13,91	0,03
13,94	0,03
13,96	0,03
13,99	0,03
14,01	0,03
14,04	0,04
14,06	0,04
14,09	0,04
14,11	0,04
14,13	0,04
14,16	0,03
14,18	0,04
14,21	0,04
14,23	0,03
14,26	0,03
14,28	0,03
14,31	0,03
14,33	0,03
14,35	0,03
14,38	0,03
14,40	0,03
14,43	0,03
14,45	0,03
14,48	0,02
14,50	0,02
14,52	0,03
14,55	0,03
14,57	0,03
14,60	0,03
14,62	0,03
14,65	0,03
14,67	0,03
14,70	0,02
14,72	0,03
14,74	0,03
14,77	0,03
14,79	0,03
14,82	0,03
14,84	0,03
14,87	0,03
14,89	0,03
14,92	0,03
14,94	0,03
14,96	0,03
14,99	0,03
15,01	0,03
15,04	0,03
15,06	0,03
15,09	0,03
15,11	0,03
15,14	0,03
15,16	0,03
15,18	0,03
15,21	0,03
15,23	0,03
15,26	0,03
15,28	0,03
15,31	0,03
15,33	0,03
15,36	0,03
15,38	0,03
15,40	0,03
15,43	0,03
15,45	0,03
15,48	0,03
15,50	0,05
15,53	0,04
15,55	0,04
15,57	0,04
15,60	0,04
15,62	0,04
15,65	0,04
15,67	0,04
15,70	0,04
15,72	0,04
15,75	0,04
15,77	0,04
15,79	0,04
15,82	0,04
15,84	0,04
15,87	0,04
15,89	0,04
15,92	0,04
15,94	0,04
15,97	0,04
15,99	0,04
16,01	0,04
16,04	0,03
16,06	0,03
16,09	0,03
16,11	0,03
16,14	0,03
16,16	0,02
16,19	0,02
16,21	0,02
16,23	0,02
16,26	0,02
16,28	0,02
16,31	0,02
16,33	0,02
16,36	0,02
16,38	0,03
16,41	0,03
16,43	0,02
16,45	0,03
16,48	0,03
16,50	0,03
16,53	0,03
16,55	0,03
16,58	0,04
16,60	0,03
16,63	0,03
16,65	0,03
16,67	0,04
16,70	0,04
16,72	0,04
16,75	0,04
16,77	0,04
16,80	0,04
16,82	0,04
16,84	0,04
16,87	0,04
16,89	0,04
16,92	0,04
16,94	0,05
16,97	0,05
16,99	0,05
17,02	0,04
17,04	0,05
17,06	0,05
17,09	0,05
17,11	0,04
17,14	0,04
17,16	0,04
17,19	0,04
17,21	0,04
17,24	0,04
17,26	0,04
17,28	0,04
17,31	0,03
17,33	0,03
17,36	0,03
17,38	0,03
17,41	0,03
17,43	0,04
17,46	0,04
17,48	0,04
17,50	0,03
17,53	0,03
17,55	0,03
17,58	0,03
17,60	0,03
17,63	0,03
17,65	0,03
17,68	0,03
17,70	0,03
17,72	0,03
17,75	0,03
17,77	0,02
17,80	0,02
17,82	0,02
17,85	0,02
17,87	0,02
17,89	0,02
17,92	0,02
17,94	0,02
17,97	0,02
17,99	0,03
18,02	0,03
18,04	0,03
18,07	0,02
18,09	0,02
18,11	0,02
18,14	0,02
18,16	0,02
18,19	0,02
18,21	0,02
18,24	0,02
18,26	0,02
18,29	0,02
18,31	0,02
18,33	0,02
18,36	0,02
18,38	0,02
18,41	0,02
18,43	0,02
18,46	0,02
18,48	0,02
18,51	0,02
18,53	0,02
18,55	0,02
18,58	0,03
18,60	0,03
18,63	0,03
18,65	0,04
18,68	0,04
18,70	0,04
18,73	0,04
18,75	0,03
18,77	0,04
18,80	0,04
18,82	0,04
18,85	0,04
18,87	0,04
18,90	0,04
18,92	0,04
18,94	0,04
18,97	0,04
18,99	0,04
19,02	0,04
19,04	0,04
19,07	0,04
19,09	0,04
19,12	0,04
19,14	0,04
19,16	0,05
19,19	0,05
19,21	0,05
19,24	0,05
19,26	0,05
19,29	0,05
19,31	0,04
19,34	0,04
19,36	0,04
19,38	0,04
19,41	0,04
19,43	0,04
19,46	0,04
19,48	0,04
19,51	0,04
19,53	0,04
19,56	0,03
19,58	0,03
19,60	0,03
19,63	0,04
19,65	0,04
19,68	0,04
19,70	0,03
19,73	0,03
19,75	0,03
19,78	0,03
19,80	0,03
19,82	0,02
19,85	0,02
19,87	0,03
19,90	0,02
19,92	0,02
19,95	0,02
19,97	0,02
19,99	0,02
20,02	0,02
20,04	0,02
20,07	0,02
20,09	0,02
20,12	0,02
20,14	0,02
20,17	0,02
20,19	0,02
20,21	0,03
20,24	0,03
20,26	0,03
20,29	0,03
20,31	0,03
20,34	0,03
20,36	0,03
20,39	0,03
20,41	0,03
20,43	0,03
20,46	0,03
20,48	0,03
20,51	0,03
20,53	0,02
20,56	0,02
20,58	0,04
20,61	0,04
20,63	0,04
20,65	0,04
20,68	0,03
20,70	0,04
20,73	0,04
20,75	0,04
20,78	0,03
20,80	0,03
20,83	0,03
20,85	0,03
20,87	0,03
20,90	0,03
20,92	0,03
20,95	0,03
20,97	0,03
21,00	0,03
21,02	0,03
21,05	0,03
21,07	0,02
21,09	0,03
21,12	0,03
21,14	0,03
21,17	0,03
21,19	0,03
21,22	0,03
21,24	0,02
21,26	0,02
21,29	0,02
21,31	0,02
21,34	0,02
21,36	0,02
21,39	0,02
21,41	0,02
21,44	0,02
21,46	0,02
21,48	0,02
21,51	0,02
21,53	0,02
21,56	0,03
21,58	0,03
21,61	0,03
21,63	0,03
21,66	0,03
21,68	0,03
21,70	0,03
21,73	0,03
21,75	0,02
21,78	0,02
21,80	0,03
21,83	0,03
21,85	0,03
21,88	0,03
21,90	0,03
21,92	0,03
21,95	0,03
21,97	0,03
22,00	0,03
22,02	0,03
22,05	0,03
22,07	0,03
22,10	0,03
22,12	0,03
22,14	0,03
22,17	0,03
22,19	0,03
22,22	0,02
22,24	0,02
22,27	0,02
22,29	0,02
22,31	0,04
22,34	0,04
22,36	0,04
22,39	0,04
22,41	0,04
22,44	0,04
22,46	0,03
22,49	0,03
22,51	0,04
22,53	0,04
22,56	0,04
22,58	0,04
22,61	0,05
22,63	0,04
22,66	0,04
22,68	0,04
22,71	0,04
22,73	0,04
22,75	0,04
22,78	0,04
22,80	0,04
22,83	0,04
22,85	0,04
22,88	0,04
22,90	0,04
22,93	0,04
22,95	0,04
22,97	0,03
23,00	0,03
23,02	0,04
23,05	0,04
23,07	0,04
23,10	0,04
23,12	0,04
23,15	0,04
23,17	0,03
23,19	0,03
23,22	0,03
23,24	0,03
23,27	0,02
23,29	0,03
23,32	0,03
23,34	0,03
23,36	0,03
23,39	0,03
23,41	0,03
23,44	0,03
23,46	0,02
23,49	0,03
23,51	0,03
23,54	0,03
23,56	0,03
23,58	0,03
23,61	0,03
23,63	0,03
23,66	0,02
23,68	0,03
23,71	0,03
23,73	0,03
23,76	0,02
23,78	0,03
23,80	0,03
23,83	0,03
23,85	0,03
23,88	0,03
23,90	0,03
23,93	0,03
23,95	0,02
23,98	0,03
24,00	0,03
24,02	0,03
24,05	0,03
24,07	0,03
24,10	0,03
24,12	0,03
24,15	0,03
24,17	0,03
24,20	0,03
24,22	0,03
24,24	0,04
24,27	0,04
24,29	0,04
24,32	0,04
24,34	0,04
24,37	0,04
24,39	0,03
24,42	0,04
24,44	0,04
24,46	0,04
24,49	0,04
24,51	0,04
24,54	0,04
24,56	0,04
24,59	0,04
24,61	0,04
24,63	0,05
24,66	0,05
24,68	0,05
24,71	0,04
24,73	0,05
24,76	0,05
24,78	0,05
24,81	0,05
24,83	0,05
24,85	0,05
24,88	0,05
24,90	0,04
24,93	0,04
24,95	0,04
24,98	0,04
25,00	0,04
25,03	0,04
25,05	0,04
25,07	0,04
25,10	0,03
25,12	0,03
25,15	0,03
25,17	0,03
25,20	0,03
25,22	0,03
25,25	0,03
25,27	0,03
25,29	0,03
25,32	0,03
25,34	0,03
25,37	0,03
25,39	0,02
25,42	0,02
25,44	0,02
25,47	0,02
25,49	0,02
25,51	0,02
25,54	0,02
25,56	0,02
25,59	0,02
25,61	0,02
25,64	0,02
25,66	0,02
25,68	0,02
25,71	0,02
25,73	0,02
25,76	0,01
25,78	0,01
25,81	0,01
25,83	0,01
25,86	0,01
25,88	0,01
25,90	0,01
25,93	0,01
25,95	0,01
25,98	0,02
26,00	0,02
26,03	0,02
26,05	0,02
26,08	0,02
26,10	0,02
26,12	0,02
26,15	0,02
26,17	0,03
26,20	0,03
26,22	0,03
26,25	0,03
26,27	0,04
26,30	0,04
26,32	0,04
26,34	0,04
26,37	0,05
26,39	0,05
26,42	0,05
26,44	0,05
26,47	0,05
26,49	0,05
26,52	0,04
26,54	0,04
26,56	0,04
26,59	0,04
26,61	0,04
26,64	0,04
26,66	0,05
26,69	0,05
26,71	0,05
26,73	0,04
26,76	0,04
26,78	0,04
26,81	0,04
26,83	0,04
26,86	0,04
26,88	0,04
26,91	0,04
26,93	0,03
26,95	0,03
26,98	0,03
27,00	0,04
27,03	0,03
27,05	0,03
27,08	0,03
27,10	0,03
27,13	0,03
27,15	0,03
27,17	0,04
27,20	0,04
27,22	0,03
27,25	0,03
27,27	0,03
27,30	0,03
27,32	0,03
27,35	0,03
27,37	0,03
27,39	0,03
27,42	0,03
27,44	0,03
27,47	0,03
27,49	0,03
27,52	0,03
27,54	0,03
27,57	0,03
27,59	0,03
27,61	0,03
27,64	0,03
27,66	0,02
27,69	0,03
27,71	0,03
27,74	0,03
27,76	0,03
27,78	0,03
27,81	0,03
27,83	0,03
27,86	0,03
27,88	0,04
27,91	0,04
27,93	0,04
27,96	0,04
27,98	0,04
28,00	0,04
28,03	0,04
28,05	0,03
28,08	0,05
28,10	0,05
28,13	0,05
28,15	0,05
28,18	0,05
28,20	0,05
28,22	0,05
28,25	0,05
28,27	0,05
28,30	0,05
28,32	0,05
28,35	0,05
28,37	0,05
28,40	0,05
28,42	0,05
28,44	0,05
28,47	0,06
28,49	0,06
28,52	0,06
28,54	0,04
28,57	0,04
28,59	0,04
28,62	0,04
28,64	0,04
28,66	0,04
28,69	0,04
28,71	0,04
28,74	0,03
28,76	0,03
28,79	0,03
28,81	0,03
28,84	0,03
28,86	0,03
28,88	0,03
28,91	0,03
28,93	0,02
28,96	0,02
28,98	0,02
29,01	0,02
29,03	0,02
29,05	0,02
29,08	0,02
29,10	0,02
29,13	0,02
29,15	0,02
29,18	0,02
29,20	0,02
29,23	0,02
29,25	0,02
29,27	0,02
29,30	0,02
29,32	0,02
29,35	0,02
29,37	0,02
29,40	0,02
29,42	0,03
29,45	0,03
29,47	0,03
29,49	0,03
29,52	0,03
29,54	0,03
29,57	0,03
29,59	0,03
29,62	0,03
29,64	0,03
29,67	0,03
29,69	0,03
29,71	0,03
29,74	0,03
29,76	0,03
29,79	0,03
29,81	0,04
29,84	0,04
29,86	0,04
29,89	0,04
29,91	0,05
29,93	0,05
29,96	0,05
29,98	0,04
30,01	0,05
30,03	0,05
30,06	0,05
30,08	0,05
30,10	0,05
30,13	0,05
30,15	0,05
30,18	0,05
30,20	0,05
30,23	0,05
30,25	0,05
30,28	0,05
30,30	0,05
30,32	0,05
30,35	0,05
30,37	0,05
30,40	0,05
30,42	0,05
30,45	0,05
30,47	0,04
30,50	0,04
30,52	0,04
30,54	0,04
30,57	0,04
30,59	0,04
30,62	0,04
30,64	0,04
30,67	0,04
30,69	0,04
30,72	0,04
30,74	0,04
30,76	0,04
30,79	0,04
30,81	0,04
30,84	0,04
30,86	0,05
30,89	0,05
30,91	0,05
30,94	0,04
30,96	0,05
30,98	0,05
31,01	0,05
31,03	0,05
31,06	0,05
31,08	0,05
31,11	0,05
31,13	0,05
31,15	0,05
31,18	0,05
31,20	0,05
31,23	0,05
31,25	0,05
31,28	0,06
31,30	0,06
31,33	0,06
31,35	0,06
31,37	0,07
31,40	0,06
31,42	0,06
31,45	0,07
31,47	0,07
31,50	0,07
31,52	0,07
31,55	0,08
31,57	0,08
31,59	0,08
31,62	0,07
31,64	0,08
31,67	0,08
31,69	0,07
31,72	0,07
31,74	0,09
31,77	0,09
31,79	0,09
31,81	0,10
31,84	0,10
31,86	0,10
31,89	0,10
31,91	0,09
31,94	0,10
31,96	0,10
31,99	0,10
32,01	0,10
32,03	0,10
32,06	0,10
32,08	0,10
32,11	0,09
32,13	0,09
32,16	0,09
32,18	0,08
32,20	0,09
32,23	0,09
32,25	0,10
32,28	0,10
32,30	0,10
32,33	0,10
32,35	0,10
32,38	0,10
32,40	0,09
32,42	0,09
32,45	0,09
32,47	0,08
32,50	0,08
32,52	0,09
32,55	0,09
32,57	0,09
32,60	0,09
32,62	0,09
32,64	0,09
32,67	0,09
32,69	0,09
32,72	0,09
32,74	0,10
32,77	0,10
32,79	0,11
32,82	0,11
32,84	0,11
32,86	0,11
32,89	0,12
32,91	0,11
32,94	0,11
32,96	0,13
32,99	0,13
33,01	0,13
33,04	0,13
33,06	0,14
33,08	0,15
33,11	0,16
33,13	0,16
33,16	0,16
33,18	0,17
33,21	0,17
33,23	0,17
33,26	0,18
33,28	0,19
33,30	0,19
33,33	0,18
33,35	0,18
33,38	0,19
33,40	0,19
33,43	0,19
33,45	0,20
33,47	0,22
33,50	0,22
33,52	0,22
33,55	0,22
33,57	0,23
33,60	0,22
33,62	0,21
33,65	0,22
33,67	0,23
33,69	0,23
33,72	0,23
33,74	0,24
33,77	0,24
33,79	0,24
33,82	0,24
33,84	0,23
33,87	0,24
33,89	0,24
33,91	0,23
33,94	0,24
33,96	0,25
33,99	0,25
34,01	0,25
34,04	0,25
34,06	0,25
34,09	0,25
34,11	0,25
34,13	0,24
34,16	0,25
34,18	0,26
34,21	0,25
34,23	0,24
34,26	0,25
34,28	0,25
34,31	0,25
34,33	0,24
34,35	0,24
34,38	0,23
34,40	0,22
34,43	0,22
34,45	0,23
34,48	0,22
34,50	0,22
34,52	0,22
34,55	0,22
34,57	0,22
34,60	0,21
34,62	0,21
34,65	0,21
34,67	0,19
34,70	0,19
34,72	0,19
34,74	0,19
34,77	0,18
34,79	0,18
34,82	0,18
34,84	0,17
34,87	0,16
34,89	0,17
34,92	0,17
34,94	0,17
34,96	0,17
34,99	0,16
35,01	0,17
35,04	0,17
35,06	0,16
35,09	0,16
35,11	0,16
35,14	0,16
35,16	0,15
35,18	0,14
35,21	0,15
35,23	0,14
35,26	0,14
35,28	0,13
35,31	0,13
35,33	0,13
35,36	0,13
35,38	0,12
35,40	0,13
35,43	0,13
35,45	0,12
35,48	0,12
35,50	0,12
35,53	0,12
35,55	0,10
35,57	0,09
35,60	0,10
35,62	0,10
35,65	0,09
35,67	0,08
35,70	0,08
35,72	0,08
35,75	0,08
35,77	0,07
35,79	0,07
35,82	0,07
35,84	0,07
35,87	0,07
35,89	0,07
35,92	0,07
35,94	0,06
35,97	0,06
35,99	0,06
36,01	0,06
36,04	0,05
36,06	0,05
36,09	0,05
36,11	0,05
36,14	0,04
36,16	0,04
36,19	0,04
36,21	0,04
36,23	0,04
36,26	0,04
36,28	0,04
36,31	0,04
36,33	0,03
36,36	0,04
36,38	0,04
36,41	0,03
36,43	0,03
36,45	0,03
36,48	0,03
36,50	0,03
36,53	0,03
36,55	0,03
36,58	0,03
36,60	0,03
36,62	0,04
36,65	0,04
36,67	0,04
36,70	0,03
36,72	0,03
36,75	0,03
36,77	0,03
36,80	0,03
36,82	0,03
36,84	0,03
36,87	0,03
36,89	0,02
36,92	0,02
36,94	0,02
36,97	0,02
36,99	0,02
37,02	0,02
37,04	0,02
37,06	0,02
37,09	0,02
37,11	0,02
37,14	0,02
37,16	0,02
37,19	0,02
37,21	0,02
37,24	0,02
37,26	0,02
37,28	0,01
37,31	0,01
37,33	0,01
37,36	0,01
37,38	0,01
37,41	0,01
37,43	0,01
37,46	0,01
37,48	0,01
37,50	0,01
37,53	0,01
37,55	0,01
37,58	0,01
37,60	0,01
37,63	0,01
37,65	0,01
37,68	0,01
37,70	0,01
37,72	0,01
37,75	0,01
37,77	0,01
37,80	0,01
37,82	0,01
37,85	0,01
37,87	0,01
37,89	0,01
37,92	0,01
37,94	0,01
37,97	0,01
37,99	0,01
38,02	0,01
38,04	0,01
38,07	0,01
38,09	0,01
38,11	0,01
38,14	0,01
38,16	0,01
38,19	0,01
38,21	0,01
38,24	0,01
38,26	0,01
38,29	0,01
38,31	0,01
38,33	0,01
38,36	0,01
38,38	0,01
38,41	0,01
38,43	0,01
38,46	0,01
38,48	0,01
38,51	0,01
38,53	0,01
38,55	0,01
38,58	0,01
38,60	0,01
38,63	0,01
38,65	0,01
38,68	0,01
38,70	0,01
38,73	0,01
38,75	0,01
38,77	0,01
38,80	0,01
38,82	0,01
38,85	0,01
38,87	0,01
38,90	0,01
38,92	0,01
38,94	0,01
38,97	0,01
38,99	0,01
39,02	0,01
39,04	0,01
39,07	0,01
39,09	0,01
39,12	0,01
39,14	0,01
39,16	0,01
39,19	0,01
39,21	0,01
39,24	0,01
39,26	0,01
39,29	0,01
39,31	0,01
39,34	0,01
39,36	0,01
39,38	0,01
39,41	0,01
39,43	0,01
39,46	0,01
39,48	0,01
39,51	0,01
39,53	0,01
39,56	0,01
39,58	0,01
39,60	0,01
39,63	0,01
39,65	0,01
39,68	0,01
39,70	0,01
39,73	0,01
39,75	0,01
39,78	0,01
39,80	0,01
39,82	0,01
39,85	0,01
39,87	0,01
39,90	0,01
39,92	0,01
39,95	0,01
39,97	0,01
39,99	0,01
40,02	0,01
40,04	0,01
40,07	0,01
40,09	0,01
40,12	0,01
40,14	0,01
40,17	0,01
40,19	0,01
40,21	0,01
40,24	0,01
40,26	0,01
40,29	0,01
40,31	0,01
40,34	0,01
40,36	0,01
40,39	0,01
40,41	0,01
40,43	0,01
40,46	0,01
40,48	0,01
40,51	0,01
40,53	0,01
40,56	0,01
40,58	0,01
40,61	0,01
40,63	0,01
40,65	0,01
40,68	0,01
40,70	0,01
40,73	0,01
40,75	0,01
40,78	0,01
40,80	0,01
40,83	0,01
40,85	0,01
40,87	0,01
40,90	0,01
40,92	0,01
40,95	0,01
40,97	0,01
41,00	0,01
41,02	0,01
41,05	0,01
41,07	0,01
41,09	0,01
41,12	0,01
41,14	0,01
41,17	0,01
41,19	0,01
41,22	0,01
41,24	0,01
41,26	0,01
41,29	0,01
41,31	0,01
41,34	0,01
41,36	0,01
41,39	0,01
41,41	0,01
41,44	0,01
41,46	0,01
41,48	0,01
41,51	0,01
41,53	0,01
41,56	0,01
41,58	0,01
41,61	0,01
41,63	0,01
41,66	0,01
41,68	0,01
41,70	0,01
41,73	0,01
41,75	0,01
41,78	0,01
41,80	0,01
41,83	0,01
41,85	0,01
41,88	0,01
41,90	0,01
41,92	0,01
41,95	0,01
41,97	0,01
42,00	0,01
42,02	0,01
42,05	0,01
42,07	0,01
42,10	0,01
42,12	0,01
42,14	0,01
42,17	0,01
42,19	0,01
42,22	0,02
42,24	0,02
42,27	0,02
42,29	0,02
42,31	0,02
42,34	0,02
42,36	0,02
42,39	0,02
42,41	0,03
42,44	0,03
42,46	0,03
42,49	0,03
42,51	0,03
42,53	0,03
42,56	0,03
42,58	0,03
42,61	0,03
42,63	0,03
42,66	0,03
42,68	0,03
42,71	0,03
42,73	0,03
42,75	0,03
42,78	0,03
42,80	0,04
42,83	0,04
42,85	0,04
42,88	0,03
42,90	0,03
42,93	0,04
42,95	0,04
42,97	0,04
43,00	0,04
43,02	0,04
43,05	0,04
43,07	0,04
43,10	0,04
43,12	0,04
43,15	0,03
43,17	0,03
43,19	0,04
43,22	0,04
43,24	0,04
43,27	0,03
43,29	0,03
43,32	0,03
43,34	0,03
43,36	0,04
43,39	0,04
43,41	0,04
43,44	0,05
43,46	0,04
43,49	0,04
43,51	0,04
43,54	0,04
43,56	0,05
43,58	0,05
43,61	0,05
43,63	0,05
43,66	0,06
43,68	0,06
43,71	0,06
43,73	0,06
43,76	0,06
43,78	0,06
43,80	0,06
43,83	0,06
43,85	0,06
43,88	0,07
43,90	0,07
43,93	0,07
43,95	0,07
43,98	0,07
44,00	0,07
44,02	0,07
44,05	0,07
44,07	0,08
44,10	0,07
44,12	0,07
44,15	0,09
44,17	0,09
44,20	0,08
44,22	0,08
44,24	0,08
44,27	0,08
44,29	0,08
44,32	0,07
44,34	0,08
44,37	0,08
44,39	0,08
44,41	0,07
44,44	0,08
44,46	0,08
44,49	0,08
44,51	0,08
44,54	0,08
44,56	0,08
44,59	0,08
44,61	0,08
44,63	0,09
44,66	0,09
44,68	0,09
44,71	0,08
44,73	0,09
44,76	0,09
44,78	0,09
44,81	0,08
44,83	0,09
44,85	0,10
44,88	0,09
44,90	0,10
44,93	0,10
44,95	0,10
44,98	0,10
45,00	0,11
45,03	0,11
45,05	0,11
45,07	0,11
45,10	0,11
45,12	0,12
45,15	0,12
45,17	0,12
45,20	0,12
45,22	0,13
45,25	0,13
45,27	0,13
45,29	0,14
45,32	0,14
45,34	0,15
45,37	0,17
45,39	0,17
45,42	0,18
45,44	0,18
45,47	0,18
45,49	0,18
45,51	0,19
45,54	0,19
45,56	0,19
45,59	0,19
45,61	0,20
45,64	0,21
45,66	0,21
45,68	0,22
45,71	0,22
45,73	0,22
45,76	0,23
45,78	0,24
45,81	0,24
45,83	0,25
45,86	0,25
45,88	0,27
45,90	0,28
45,93	0,27
45,95	0,28
45,98	0,29
46,00	0,30
46,03	0,29
46,05	0,29
46,08	0,30
46,10	0,31
46,12	0,30
46,15	0,30
46,17	0,31
46,20	0,32
46,22	0,31
46,25	0,30
46,27	0,32
46,30	0,32
46,32	0,32
46,34	0,32
46,37	0,32
46,39	0,33
46,42	0,33
46,44	0,32
46,47	0,33
46,49	0,33
46,52	0,33
46,54	0,31
46,56	0,32
46,59	0,34
46,61	0,33
46,64	0,33
46,66	0,33
46,69	0,33
46,71	0,32
46,73	0,32
46,76	0,31
46,78	0,32
46,81	0,32
46,83	0,31
46,86	0,33
46,88	0,33
46,91	0,33
46,93	0,32
46,95	0,33
46,98	0,33
47,00	0,32
47,03	0,33
47,05	0,33
47,08	0,34
47,10	0,34
47,13	0,33
47,15	0,34
47,17	0,34
47,20	0,34
47,22	0,34
47,25	0,34
47,27	0,34
47,30	0,35
47,32	0,34
47,35	0,34
47,37	0,35
47,39	0,34
47,42	0,36
47,44	0,36
47,47	0,35
47,49	0,35
47,52	0,35
47,54	0,36
47,57	0,35
47,59	0,35
47,61	0,37
47,64	0,38
47,66	0,36
47,69	0,36
47,71	0,37
47,74	0,37
47,76	0,37
47,78	0,37
47,81	0,39
47,83	0,39
47,86	0,38
47,88	0,38
47,91	0,38
47,93	0,39
47,96	0,38
47,98	0,37
48,00	0,39
48,03	0,39
48,05	0,38
48,08	0,38
48,10	0,39
48,13	0,40
48,15	0,39
48,18	0,39
48,20	0,40
48,22	0,41
48,25	0,41
48,27	0,40
48,30	0,41
48,32	0,42
48,35	0,42
48,37	0,41
48,40	0,43
48,42	0,43
48,44	0,43
48,47	0,41
48,49	0,42
48,52	0,43
48,54	0,43
48,57	0,43
48,59	0,44
48,62	0,44
48,64	0,45
48,66	0,44
48,69	0,44
48,71	0,45
48,74	0,44
48,76	0,44
48,79	0,45
48,81	0,44
48,84	0,44
48,86	0,43
48,88	0,43
48,91	0,42
48,93	0,42
48,96	0,42
48,98	0,42
49,01	0,41
49,03	0,42
49,05	0,42
49,08	0,42
49,10	0,41
49,13	0,40
49,15	0,40
49,18	0,39
49,20	0,39
49,23	0,39
49,25	0,39
49,27	0,39
49,30	0,38
49,32	0,38
49,35	0,39
49,37	0,39
49,40	0,37
49,42	0,37
49,45	0,38
49,47	0,39
49,49	0,39
49,52	0,39
49,54	0,40
49,57	0,41
49,59	0,40
49,62	0,40
49,64	0,40
49,67	0,41
49,69	0,40
49,71	0,40
49,74	0,42
49,76	0,42
49,79	0,42
49,81	0,43
49,84	0,44
49,86	0,45
49,89	0,43
49,91	0,42
49,93	0,44
49,96	0,45
49,98	0,45
50,01	0,45
50,03	0,46
50,06	0,47
50,08	0,46
50,10	0,45
50,13	0,46
50,15	0,46
50,18	0,46
50,20	0,46
50,23	0,47
50,25	0,48
50,28	0,48
50,30	0,48
50,32	0,49
50,35	0,50
50,37	0,49
50,40	0,49
50,42	0,49
50,45	0,50
50,47	0,49
50,50	0,49
50,52	0,50
50,54	0,50
50,57	0,51
50,59	0,50
50,62	0,50
50,64	0,50
50,67	0,49
50,69	0,49
50,72	0,50
50,74	0,50
50,76	0,50
50,79	0,50
50,81	0,51
50,84	0,50
50,86	0,50
50,89	0,50
50,91	0,50
50,94	0,49
50,96	0,50
50,98	0,50
51,01	0,50
51,03	0,49
51,06	0,49
51,08	0,49
51,11	0,49
51,13	0,48
51,15	0,49
51,18	0,50
51,20	0,50
51,23	0,50
51,25	0,50
51,28	0,51
51,30	0,51
51,33	0,50
51,35	0,50
51,37	0,50
51,40	0,50
51,42	0,50
51,45	0,50
51,47	0,50
51,50	0,50
51,52	0,50
51,55	0,50
51,57	0,50
51,59	0,50
51,62	0,49
51,64	0,49
51,67	0,50
51,69	0,50
51,72	0,49
51,74	0,49
51,77	0,50
51,79	0,50
51,81	0,49
51,84	0,47
51,86	0,47
51,89	0,47
51,91	0,47
51,94	0,47
51,96	0,47
51,99	0,47
52,01	0,46
52,03	0,46
52,06	0,46
52,08	0,45
52,11	0,45
52,13	0,45
52,16	0,45
52,18	0,46
52,20	0,44
52,23	0,44
52,25	0,45
52,28	0,44
52,30	0,43
52,33	0,42
52,35	0,42
52,38	0,42
52,40	0,41
52,42	0,41
52,45	0,41
52,47	0,41
52,50	0,40
52,52	0,40
52,55	0,38
52,57	0,38
52,60	0,37
52,62	0,37
52,64	0,37
52,67	0,37
52,69	0,37
52,72	0,36
52,74	0,36
52,77	0,35
52,79	0,34
52,82	0,34
52,84	0,33
52,86	0,31
52,89	0,31
52,91	0,31
52,94	0,31
52,96	0,30
52,99	0,29
53,01	0,30
53,04	0,29
53,06	0,28
53,08	0,28
53,11	0,28
53,13	0,28
53,16	0,27
53,18	0,26
53,21	0,27
53,23	0,27
53,26	0,26
53,28	0,26
53,30	0,26
53,33	0,26
53,35	0,24
53,38	0,25
53,40	0,25
53,43	0,25
53,45	0,24
53,47	0,23
53,50	0,23
53,52	0,23
53,55	0,21
53,57	0,21
53,60	0,21
53,62	0,21
53,65	0,20
53,67	0,19
53,69	0,20
53,72	0,20
53,74	0,18
53,77	0,17
53,79	0,16
53,82	0,16
53,84	0,15
53,87	0,15
53,89	0,14
53,91	0,14
53,94	0,13
53,96	0,11
53,99	0,11
54,01	0,11
54,04	0,11
54,06	0,10
54,09	0,10
54,11	0,11
54,13	0,10
54,16	0,09
54,18	0,09
54,21	0,09
54,23	0,09
54,26	0,07
54,28	0,07
54,31	0,07
54,33	0,07
54,35	0,07
54,38	0,06
54,40	0,06
54,43	0,06
54,45	0,06
54,48	0,06
54,50	0,06
54,52	0,06
54,55	0,06
54,57	0,06
54,60	0,06
54,62	0,06
54,65	0,06
54,67	0,06
54,70	0,05
54,72	0,05
54,74	0,04
54,77	0,04
54,79	0,04
54,82	0,04
54,84	0,04
54,87	0,04
54,89	0,04
54,92	0,04
54,94	0,04
54,96	0,04
54,99	0,03
55,01	0,03
55,04	0,03
55,06	0,03
55,09	0,03
55,11	0,03
55,14	0,03
55,16	0,03
55,18	0,03
55,21	0,03
55,23	0,03
55,26	0,03
55,28	0,03
55,31	0,03
55,33	0,03
55,36	0,03
55,38	0,02
55,40	0,02
55,43	0,02
55,45	0,02
55,48	0,02
55,50	0,02
55,53	0,02
55,55	0,01
55,57	0,01
55,60	0,01
55,62	0,01
55,65	0,01
55,67	0,01
55,70	0,01
55,72	0,01
55,75	0,01
55,77	0,01
55,79	0,01
55,82	0,01
55,84	0,01
55,87	0,01
55,89	0,01
55,92	0,01
55,94	0,01
55,97	0,01
55,99	0,01
56,01	0,01
56,04	0,01
56,06	0,01
56,09	0,01
56,11	0,01
56,14	0,01
56,16	0,01
56,19	0,01
56,21	0,01
56,23	0,01
56,26	0,01
56,28	0,01
56,31	0,01
56,33	0,01
56,36	0,01
56,38	0,01
56,41	0,01
56,43	0,01
56,45	0,01
56,48	0,01
56,50	0,01
56,53	0,01
56,55	0,01
56,58	0,01
56,60	0,01
56,62	0,01
56,65	0,01
56,67	0,01
56,70	0,01
56,72	0,01
56,75	0,01
56,77	0,01
56,80	0,01
56,82	0,01
56,84	0,01
56,87	0,01
56,89	0,01
56,92	0,01
56,94	0,01
56,97	0,01
56,99	0,01
57,02	0,01
57,04	0,01
57,06	0,01
57,09	0,01
57,11	0,01
57,14	0,01
57,16	0,01
57,19	0,01
57,21	0,01
57,24	0,01
57,26	0,01
57,28	0,01
57,31	0,01
57,33	0,01
57,36	0,01
57,38	0,01
57,41	0,01
57,43	0,01
57,46	0,01
57,48	0,01
57,50	0,01
57,53	0,01
57,55	0,01
57,58	0,01
57,60	0,01
57,63	0,01
57,65	0,01
57,68	0,01
57,70	0,01
57,72	0,01
57,75	0,01
57,77	0,01
57,80	0,01
57,82	0,01
57,85	0,01
57,87	0,01
57,89	0,01
57,92	0,01
57,94	0,01
57,97	0,01
57,99	0,01
58,02	0,01
58,04	0,01
58,07	0,01
58,09	0,01
58,11	0,01
58,14	0,01
58,16	0,01
58,19	0,01
58,21	0,01
58,24	0,01
58,26	0,01
58,29	0,01
58,31	0,01
58,33	0,01
58,36	0,01
58,38	0,01
58,41	0,01
58,43	0,01
58,46	0,01
58,48	0,01
58,51	0,01
58,53	0,01
58,55	0,01
58,58	0,01
58,60	0,01
58,63	0,01
58,65	0,01
58,68	0,01
58,70	0,01
58,73	0,01
58,75	0,01
58,77	0,01
58,80	0,01
58,82	0,01
58,85	0,01
58,87	0,01
58,90	0,01
58,92	0,01
58,94	0,01
58,97	0,01
58,99	0,01
59,02	0,01
59,04	0,01
59,07	0,01
59,09	0,01
59,12	0,01
59,14	0,01
59,16	0,01
59,19	0,01
59,21	0,01
59,24	0,01
59,26	0,01
59,29	0,01
59,31	0,01
59,34	0,01
59,36	0,01
59,38	0,01
59,41	0,01
59,43	0,01
59,46	0,01
59,48	0,01
59,51	0,01
59,53	0,01
59,56	0,01
59,58	0,01
59,60	0,01
59,63	0,01
59,65	0,01
59,68	0,01
59,70	0,01
59,73	0,01
59,75	0,01
59,78	0,01
59,80	0,01
59,82	0,01
59,85	0,01
59,87	0,01
59,90	0,01
59,92	0,01
59,95	0,01
59,97	0,01
59,99	0,01
60,02	0,01
60,04	0,01
60,07	0,01
60,09	0,01
60,12	0,01
60,14	0,01
60,17	0,01
60,19	0,01
60,21	0,01
60,24	0,01
60,26	0,01
60,29	0,01
60,31	0,01
60,34	0,01
60,36	0,01
60,39	0,01
60,41	0,01
60,43	0,01
60,46	0,01
60,48	0,01
60,51	0,01
60,53	0,01
60,56	0,01
60,58	0,01
60,61	0,01
60,63	0,01
60,65	0,01
60,68	0,01
60,70	0,01
60,73	0,01
60,75	0,01
60,78	0,01
60,80	0,01
60,83	0,01
60,85	0,01
60,87	0,01
60,90	0,01
60,92	0,01
60,95	0,01
60,97	0,01
61,00	0,01
61,02	0,01
61,05	0,01
61,07	0,01
61,09	0,01
61,12	0,01
61,14	0,01
61,17	0,01
61,19	0,01
61,22	0,01
61,24	0,01
61,26	0,01
61,29	0,01
61,31	0,01
61,34	0,01
61,36	0,01
61,39	0,01
61,41	0,01
61,44	0,01
61,46	0,01
61,48	0,01
61,51	0,01
61,53	0,01
61,56	0,01
61,58	0,01
61,61	0,01
61,63	0,01
61,66	0,01
61,68	0,01
61,70	0,01
61,73	0,01
61,75	0,01
61,78	0,01
61,80	0,01
61,83	0,01
61,85	0,01
61,88	0,01
61,90	0,01
61,92	0,01
61,95	0,01
61,97	0,01
62,00	0,01
62,02	0,01
62,05	0,01
62,07	0,01
62,10	0,01
62,12	0,01
62,14	0,01
62,17	0,01
62,19	0,01
62,22	0,01
62,24	0,01
62,27	0,01
62,29	0,01
62,31	0,01
62,34	0,01
62,36	0,01
62,39	0,01
62,41	0,01
62,44	0,01
62,46	0,01
62,49	0,01
62,51	0,02
62,53	0,02
62,56	0,02
62,58	0,02
62,61	0,02
62,63	0,02
62,66	0,02
62,68	0,02
62,71	0,02
62,73	0,02
62,75	0,02
62,78	0,02
62,80	0,02
62,83	0,03
62,85	0,03
62,88	0,03
62,90	0,03
62,93	0,03
62,95	0,03
62,97	0,02
63,00	0,02
63,02	0,02
63,05	0,02
63,07	0,02
63,10	0,02
63,12	0,02
63,15	0,02
63,17	0,02
63,19	0,02
63,22	0,02
63,24	0,02
63,27	0,02
63,29	0,02
63,32	0,02
63,34	0,02
63,36	0,02
63,39	0,02
63,41	0,02
63,44	0,03
63,46	0,03
63,49	0,03
63,51	0,03
63,54	0,03
63,56	0,04
63,58	0,04
63,61	0,04
63,63	0,04
63,66	0,05
63,68	0,05
63,71	0,05
63,73	0,06
63,76	0,07
63,78	0,07
63,80	0,07
63,83	0,07
63,85	0,08
63,88	0,08
63,90	0,08
63,93	0,09
63,95	0,10
63,98	0,10
64,00	0,10
64,02	0,10
64,05	0,12
64,07	0,13
64,10	0,12
64,12	0,12
64,15	0,13
64,17	0,13
64,20	0,13
64,22	0,12
64,24	0,13
64,27	0,14
64,29	0,14
64,32	0,15
64,34	0,16
64,37	0,16
64,39	0,16
64,41	0,15
64,44	0,16
64,46	0,17
64,49	0,17
64,51	0,17
64,54	0,18
64,56	0,18
64,59	0,18
64,61	0,18
64,63	0,19
64,66	0,19
64,68	0,19
64,71	0,18
64,73	0,19
64,76	0,20
64,78	0,20
64,81	0,20
64,83	0,22
64,85	0,22
64,88	0,23
64,90	0,22
64,93	0,23
64,95	0,24
64,98	0,24
65,00	0,23
65,03	0,24
65,05	0,24
65,07	0,25
65,10	0,25
65,12	0,25
65,15	0,26
65,17	0,26
65,20	0,26
65,22	0,28
65,25	0,28
65,27	0,29
65,29	0,29
65,32	0,29
65,34	0,30
65,37	0,30
65,39	0,31
65,42	0,30
65,44	0,30
65,47	0,31
65,49	0,31
65,51	0,31
65,54	0,32
65,56	0,32
65,59	0,33
65,61	0,33
65,64	0,32
65,66	0,33
65,68	0,34
65,71	0,35
65,73	0,35
65,76	0,34
65,78	0,35
65,81	0,36
65,83	0,35
65,86	0,36
65,88	0,37
65,90	0,38
65,93	0,37
65,95	0,38
65,98	0,40
66,00	0,41
66,03	0,40
66,05	0,40
66,08	0,41
66,10	0,43
66,12	0,42
66,15	0,41
66,17	0,43
66,20	0,44
66,22	0,44
66,25	0,44
66,27	0,45
66,30	0,47
66,32	0,46
66,34	0,46
66,37	0,47
66,39	0,47
66,42	0,47
66,44	0,48
66,47	0,49
66,49	0,51
66,52	0,50
66,54	0,50
66,56	0,52
66,59	0,51
66,61	0,52
66,64	0,51
66,66	0,52
66,69	0,54
66,71	0,54
66,73	0,55
66,76	0,55
66,78	0,55
66,81	0,56
66,83	0,55
66,86	0,55
66,88	0,55
66,91	0,55
66,93	0,55
66,95	0,56
66,98	0,57
67,00	0,57
67,03	0,57
67,05	0,58
67,08	0,58
67,10	0,59
67,13	0,59
67,15	0,59
67,17	0,60
67,20	0,61
67,22	0,61
67,25	0,61
67,27	0,61
67,30	0,61
67,32	0,61
67,35	0,61
67,37	0,60
67,39	0,60
67,42	0,61
67,44	0,62
67,47	0,62
67,49	0,62
67,52	0,63
67,54	0,64
67,57	0,63
67,59	0,63
67,61	0,64
67,64	0,65
67,66	0,65
67,69	0,65
67,71	0,66
67,74	0,66
67,76	0,65
67,78	0,64
67,81	0,65
67,83	0,65
67,86	0,63
67,88	0,63
67,91	0,65
67,93	0,65
67,96	0,65
67,98	0,64
68,00	0,65
68,03	0,66
68,05	0,65
68,08	0,65
68,10	0,66
68,13	0,67
68,15	0,67
68,18	0,66
68,20	0,66
68,22	0,67
68,25	0,67
68,27	0,66
68,30	0,67
68,32	0,67
68,35	0,67
68,37	0,67
68,40	0,67
68,42	0,69
68,44	0,69
68,47	0,70
68,49	0,70
68,52	0,70
68,54	0,70
68,57	0,69
68,59	0,69
68,62	0,70
68,64	0,69
68,66	0,69
68,69	0,69
68,71	0,70
68,74	0,70
68,76	0,69
68,79	0,69
68,81	0,69
68,83	0,69
68,86	0,69
68,88	0,70
68,91	0,69
68,93	0,70
68,96	0,70
68,98	0,70
69,01	0,69
69,03	0,68
69,05	0,69
69,08	0,68
69,10	0,67
69,13	0,67
69,15	0,68
69,18	0,68
69,20	0,67
69,23	0,67
69,25	0,68
69,27	0,67
69,30	0,66
69,32	0,66
69,35	0,66
69,37	0,66
69,40	0,65
69,42	0,65
69,45	0,65
69,47	0,65
69,49	0,64
69,52	0,64
69,54	0,63
69,57	0,63
69,59	0,62
69,62	0,62
69,64	0,64
69,67	0,64
69,69	0,63
69,71	0,63
69,74	0,63
69,76	0,63
69,79	0,62
69,81	0,60
69,84	0,61
69,86	0,60
69,89	0,59
69,91	0,60
69,93	0,60
69,96	0,61
69,98	0,60
70,01	0,58
70,03	0,59
70,06	0,58
70,08	0,58
70,10	0,58
70,13	0,58
70,15	0,58
70,18	0,58
70,20	0,58
70,23	0,58
70,25	0,58
70,28	0,58
70,30	0,56
70,32	0,56
70,35	0,56
70,37	0,55
70,40	0,55
70,42	0,55
70,45	0,55
70,47	0,55
70,50	0,54
70,52	0,53
70,54	0,54
70,57	0,53
70,59	0,52
70,62	0,52
70,64	0,52
70,67	0,51
70,69	0,51
70,72	0,51
70,74	0,51
70,76	0,50
70,79	0,50
70,81	0,50
70,84	0,48
70,86	0,48
70,89	0,48
70,91	0,47
70,94	0,46
70,96	0,45
70,98	0,44
71,01	0,43
71,03	0,42
71,06	0,42
71,08	0,42
71,11	0,42
71,13	0,41
71,15	0,41
71,18	0,41
71,20	0,40
71,23	0,39
71,25	0,38
71,28	0,38
71,30	0,38
71,33	0,37
71,35	0,37
71,37	0,37
71,40	0,36
71,42	0,35
71,45	0,34
71,47	0,33
71,50	0,33
71,52	0,33
71,55	0,32
71,57	0,34
71,59	0,34
71,62	0,33
71,64	0,33
71,67	0,33
71,69	0,32
71,72	0,31
71,74	0,29
71,77	0,30
71,79	0,29
71,81	0,28
71,84	0,28
71,86	0,28
71,89	0,28
71,91	0,27
71,94	0,27
71,96	0,26
71,99	0,26
72,01	0,25
72,03	0,24
72,06	0,24
72,08	0,24
72,11	0,23
72,13	0,22
72,16	0,22
72,18	0,21
72,20	0,20
72,23	0,19
72,25	0,19
72,28	0,20
72,30	0,18
72,33	0,18
72,35	0,18
72,38	0,17
72,40	0,16
72,42	0,16
72,45	0,16
72,47	0,15
72,50	0,14
72,52	0,14
72,55	0,14
72,57	0,13
72,60	0,12
72,62	0,13
72,64	0,13
72,67	0,12
72,69	0,11
72,72	0,11
72,74	0,11
72,77	0,11
72,79	0,12
72,82	0,11
72,84	0,11
72,86	0,11
72,89	0,09
72,91	0,09
72,94	0,09
72,96	0,08
72,99	0,09
73,01	0,09
73,04	0,09
73,06	0,09
73,08	0,09
73,11	0,09
73,13	0,09
73,16	0,08
73,18	0,07
73,21	0,07
73,23	0,07
73,25	0,07
73,28	0,07
73,30	0,07
73,33	0,07
73,35	0,06
73,38	0,06
73,40	0,06
73,43	0,06
73,45	0,05
73,47	0,04
73,50	0,04
73,52	0,04
73,55	0,04
73,57	0,04
73,60	0,04
73,62	0,04
73,65	0,03
73,67	0,03
73,69	0,03
73,72	0,03
73,74	0,03
73,77	0,03
73,79	0,03
73,82	0,02
73,84	0,02
73,87	0,02
73,89	0,02
73,91	0,02
73,94	0,02
73,96	0,02
73,99	0,02
74,01	0,02
74,04	0,02
74,06	0,02
74,09	0,02
74,11	0,02
74,13	0,02
74,16	0,01
74,18	0,01
74,21	0,01
74,23	0,01
74,26	0,01
74,28	0,01
74,31	0,01
74,33	0,01
74,35	0,01
74,38	0,01
74,40	0,01
74,43	0,01
74,45	0,01
74,48	0,01
74,50	0,01
74,52	0,01
74,55	0,01
74,57	0,01
74,60	0,01
74,62	0,01
74,65	0,01
74,67	0,01
74,70	0,01
74,72	0,01
74,74	0,01
74,77	0,01
74,79	0,01
74,82	0,01
74,84	0,01
74,87	0,01
74,89	0,01
74,92	0,01
74,94	0,01
74,96	0,01
74,99	0,01
75,01	0,01
75,04	0,01
75,06	0,01
75,09	0,01
75,11	0,01
75,14	0,01
75,16	0,01
75,18	0,01
75,21	0,01
75,23	0,01
75,26	0,01
75,28	0,01
75,31	0,01
75,33	0,01
75,36	0,01
75,38	0,01
75,40	0,01
75,43	0,01
75,45	0,01
75,48	0,01
75,50	0,01
75,53	0,01
75,55	0,01
75,57	0,01
75,60	0,01
75,62	0,01
75,65	0,01
75,67	0,01
75,70	0,01
75,72	0,01
75,75	0,01
75,77	0,01
75,79	0,01
75,82	0,01
75,84	0,01
75,87	0,01
75,89	0,01
75,92	0,01
75,94	0,01
75,97	0,01
75,99	0,01
76,01	0,01
76,04	0,01
76,06	0,01
76,09	0,01
76,11	0,01
76,14	0,01
76,16	0,01
76,19	0,01
76,21	0,01
76,23	0,01
76,26	0,01
76,28	0,01
76,31	0,01
76,33	0,01
76,36	0,01
76,38	0,01
76,41	0,01
76,43	0,01
76,45	0,01
76,48	0,01
76,50	0,01
76,53	0,01
76,55	0,01
76,58	0,01
76,60	0,01
76,62	0,01
76,65	0,01
76,67	0,01
76,70	0,01
76,72	0,01
76,75	0,01
76,77	0,01
76,80	0,01
76,82	0,01
76,84	0,01
76,87	0,01
76,89	0,01
76,92	0,01
76,94	0,01
76,97	0,01
76,99	0,01
77,02	0,01
77,04	0,01
77,06	0,01
77,09	0,01
77,11	0,01
77,14	0,01
77,16	0,01
77,19	0,01
77,21	0,01
77,24	0,01
77,26	0,01
77,28	0,01
77,31	0,01
77,33	0,01
77,36	0,01
77,38	0,01
77,41	0,01
77,43	0,01
77,46	0,01
77,48	0,01
77,50	0,01
77,53	0,01
77,55	0,01
77,58	0,01
77,60	0,01
77,63	0,01
77,65	0,01
77,68	0,01
77,70	0,01
77,72	0,01
77,75	0,01
77,77	0,01
77,80	0,01
77,82	0,01
77,85	0,01
77,87	0,01
77,89	0,01
77,92	0,01
77,94	0,01
77,97	0,01
77,99	0,01
78,02	0,01
78,04	0,01
78,07	0,01
78,09	0,01
78,11	0,01
78,14	0,01
78,16	0,01
78,19	0,01
78,21	0,01
78,24	0,01
78,26	0,01
78,29	0,01
78,31	0,01
78,33	0,01
78,36	0,01
78,38	0,01
78,41	0,01
78,43	0,01
78,46	0,01
78,48	0,01
78,51	0,01
78,53	0,01
78,55	0,01
78,58	0,01
78,60	0,01
78,63	0,01
78,65	0,01
78,68	0,01
78,70	0,01
78,73	0,01
78,75	0,01
78,77	0,01
78,80	0,01
78,82	0,01
78,85	0,01
78,87	0,01
78,90	0,01
78,92	0,01
78,94	0,01
78,97	0,01
78,99	0,01
79,02	0,01
79,04	0,01
79,07	0,01
79,09	0,01
79,12	0,01
79,14	0,01
79,16	0,01
79,19	0,01
79,21	0,01
79,24	0,01
79,26	0,01
79,29	0,01
79,31	0,01
79,34	0,01
79,36	0,01
79,38	0,01
79,41	0,01
79,43	0,01
79,46	0,01
79,48	0,01
79,51	0,01
79,53	0,01
79,56	0,01
79,58	0,01
79,60	0,01
79,63	0,01
79,65	0,01
79,68	0,01
79,70	0,01
79,73	0,01
79,75	0,01
79,78	0,01
79,80	0,01
79,82	0,01
79,85	0,01
79,87	0,01
79,90	0,01
79,92	0,01
79,95	0,01
79,97	0,01
79,99	0,01
80,02	0,01
80,04	0,01
80,07	0,01
80,09	0,01
80,12	0,01
80,14	0,01
80,17	0,01
80,19	0,01
80,21	0,01
80,24	0,01
80,26	0,01
80,29	0,01
80,31	0,01
80,34	0,01
80,36	0,01
80,39	0,01
80,41	0,01
80,43	0,01
80,46	0,01
80,48	0,01
80,51	0,01
80,53	0,01
80,56	0,01
80,58	0,01
80,61	0,01
80,63	0,01
80,65	0,01
80,68	0,01
80,70	0,01
80,73	0,01
80,75	0,01
80,78	0,01
80,80	0,01
80,83	0,01
80,85	0,01
80,87	0,01
80,90	0,01
80,92	0,01
80,95	0,01
80,97	0,01
81,00	0,01
81,02	0,01
81,04	0,01
81,07	0,01
81,09	0,01
81,12	0,01
81,14	0,01
81,17	0,01
81,19	0,01
81,22	0,01
81,24	0,01
81,26	0,01
81,29	0,01
81,31	0,01
81,34	0,01
81,36	0,01
81,39	0,01
81,41	0,01
81,44	0,01
81,46	0,01
81,48	0,01
81,51	0,01
81,53	0,01
81,56	0,01
81,58	0,01
81,61	0,01
81,63	0,01
81,66	0,01
81,68	0,01
81,70	0,01
81,73	0,01
81,75	0,01
81,78	0,01
81,80	0,01
81,83	0,01
81,85	0,01
81,88	0,01
81,90	0,01
81,92	0,01
81,95	0,01
81,97	0,01
82,00	0,01
82,02	0,01
82,05	0,01
82,07	0,01
82,10	0,01
82,12	0,01
82,14	0,01
82,17	0,01
82,19	0,01
82,22	0,01
82,24	0,01
82,27	0,01
82,29	0,01
82,31	0,01
82,34	0,01
82,36	0,01
82,39	0,01
82,41	0,01
82,44	0,01
82,46	0,01
82,49	0,01
82,51	0,01
82,53	0,01
82,56	0,01
82,58	0,01
82,61	0,01
82,63	0,01
82,66	0,01
82,68	0,01
82,71	0,01
82,73	0,01
82,75	0,01
82,78	0,01
82,80	0,01
82,83	0,01
82,85	0,01
82,88	0,01
82,90	0,01
82,93	0,01
82,95	0,01
82,97	0,01
83,00	0,01
83,02	0,01
83,05	0,01
83,07	0,01
83,10	0,01
83,12	0,01
83,15	0,01
83,17	0,01
83,19	0,01
83,22	0,01
83,24	0,01
83,27	0,01
83,29	0,01
83,32	0,01
83,34	0,01
83,36	0,01
83,39	0,01
83,41	0,01
83,44	0,01
83,46	0,01
83,49	0,01
83,51	0,01
83,54	0,01
83,56	0,01
83,58	0,01
83,61	0,01
83,63	0,01
83,66	0,01
83,68	0,01
83,71	0,01
83,73	0,01
83,76	0,01
83,78	0,01
83,80	0,01
83,83	0,01
83,85	0,01
83,88	0,01
83,90	0,01
83,93	0,01
83,95	0,01
83,98	0,01
84,00	0,01
84,02	0,01
84,05	0,01
84,07	0,01
84,10	0,01
84,12	0,01
84,15	0,01
84,17	0,01
84,20	0,01
84,22	0,01
84,24	0,01
84,27	0,01
84,29	0,01
84,32	0,01
84,34	0,01
84,37	0,01
84,39	0,01
84,41	0,01
84,44	0,01
84,46	0,01
84,49	0,01
84,51	0,01
84,54	0,01
84,56	0,01
84,59	0,01
84,61	0,01
84,63	0,01
84,66	0,01
84,68	0,01
84,71	0,01
84,73	0,01
84,76	0,01
84,78	0,01
84,81	0,01
84,83	0,01
84,85	0,01
84,88	0,01
84,90	0,01
84,93	0,01
84,95	0,01
84,98	0,01
85,00	0,01
85,03	0,01
85,05	0,01
85,07	0,01
85,10	0,01
85,12	0,01
85,15	0,01
85,17	0,01
85,20	0,01
85,22	0,01
85,25	0,01
85,27	0,01
85,29	0,01
85,32	0,01
85,34	0,01
85,37	0,01
85,39	0,01
85,42	0,01
85,44	0,01
85,47	0,01
85,49	0,01
85,51	0,01
85,54	0,01
85,56	0,01
85,59	0,01
85,61	0,01
85,64	0,01
85,66	0,01
85,68	0,01
85,71	0,01
85,73	0,01
85,76	0,01
85,78	0,01
85,81	0,01
85,83	0,01
85,86	0,01
85,88	0,01
85,90	0,01
85,93	0,01
85,95	0,01
85,98	0,01
86,00	0,01
86,03	0,01
86,05	0,01
86,08	0,01
86,10	0,01
86,12	0,01
86,15	0,01
86,17	0,01
86,20	0,01
86,22	0,01
86,25	0,01
86,27	0,01
86,30	0,01
86,32	0,01
86,34	0,01
86,37	0,01
86,39	0,01
86,42	0,01
86,44	0,01
86,47	0,01
86,49	0,01
86,52	0,01
86,54	0,01
86,56	0,01
86,59	0,01
86,61	0,01
86,64	0,01
86,66	0,01
86,69	0,01
86,71	0,01
86,73	0,01
86,76	0,01
86,78	0,01
86,81	0,01
86,83	0,01
86,86	0,01
86,88	0,01
86,91	0,01
86,93	0,01
86,95	0,01
86,98	0,01
87,00	0,01
87,03	0,01
87,05	0,01
87,08	0,01
87,10	0,01
87,13	0,01
87,15	0,01
87,17	0,01
87,20	0,01
87,22	0,01
87,25	0,01
87,27	0,01
87,30	0,01
87,32	0,01
87,35	0,01
87,37	0,01
87,39	0,01
87,42	0,01
87,44	0,01
87,47	0,01
87,49	0,01
87,52	0,01
87,54	0,01
87,57	0,01
87,59	0,01
87,61	0,01
87,64	0,01
87,66	0,01
87,69	0,01
87,71	0,01
87,74	0,01
87,76	0,01
87,78	0,01
87,81	0,01
87,83	0,01
87,86	0,01
87,88	0,01
87,91	0,01
87,93	0,01
87,96	0,01
87,98	0,01
88,00	0,01
88,03	0,01
88,05	0,01
88,08	0,01
88,10	0,01
88,13	0,01
88,15	0,01
88,18	0,01
88,20	0,01
88,22	0,01
88,25	0,01
88,27	0,01
88,30	0,01
88,32	0,01
88,35	0,01
88,37	0,01
88,40	0,01
88,42	0,01
88,44	0,01
88,47	0,01
88,49	0,01
88,52	0,01
88,54	0,01
88,57	0,01
88,59	0,01
88,62	0,01
88,64	0,01
88,66	0,01
88,69	0,01
88,71	0,01
88,74	0,01
88,76	0,01
88,79	0,01
88,81	0,01
88,83	0,01
88,86	0,01
88,88	0,01
88,91	0,01
88,93	0,01
88,96	0,01
88,98	0,01
89,01	0,01
89,03	0,01
89,05	0,01
89,08	0,01
89,10	0,01
89,13	0,01
89,15	0,01
89,18	0,01
89,20	0,01
89,23	0,01
89,25	0,01
89,27	0,01
89,30	0,01
89,32	0,01
89,35	0,01
89,37	0,01
89,40	0,01
89,42	0,01
89,45	0,01
89,47	0,01
89,49	0,01
89,52	0,01
89,54	0,01
89,57	0,01
89,59	0,01
89,62	0,01
89,64	0,01
89,67	0,01
89,69	0,01
89,71	0,01
89,74	0,01
89,76	0,01
89,79	0,01
89,81	0,01
89,84	0,01
89,86	0,01
89,89	0,01
89,91	0,01
89,93	0,01
89,96	0,01
89,98	0,01
90,01	0,01
90,03	0,01
90,06	0,01
90,08	0,01
90,10	0,01
90,13	0,01
90,15	0,01
90,18	0,01
90,20	0,01
90,23	0,01
90,25	0,01
90,28	0,01
90,30	0,01
90,32	0,01
90,35	0,01
90,37	0,01
90,40	0,01
90,42	0,01
90,45	0,01
90,47	0,01
90,50	0,01
90,52	0,01
90,54	0,01
90,57	0,01
90,59	0,01
90,62	0,01
90,64	0,01
90,67	0,01
90,69	0,01
90,72	0,01
90,74	0,01
90,76	0,01
90,79	0,01
90,81	0,01
90,84	0,01
90,86	0,01
90,89	0,01
90,91	0,01
90,94	0,01
90,96	0,01
90,98	0,01
91,01	0,01
91,03	0,01
91,06	0,01
91,08	0,01
91,11	0,01
91,13	0,01
91,15	0,01
91,18	0,01
91,20	0,01
91,23	0,01
91,25	0,01
91,28	0,01
91,30	0,01
91,33	0,01
91,35	0,01
91,37	0,01
91,40	0,01
91,42	0,01
91,45	0,01
91,47	0,01
91,50	0,01
91,52	0,01
91,55	0,01
91,57	0,01
91,59	0,01
91,62	0,01
91,64	0,01
91,67	0,01
91,69	0,01
91,72	0,01
91,74	0,01
91,77	0,01
91,79	0,01
91,81	0,01
91,84	0,01
91,86	0,01
91,89	0,01
91,91	0,01
91,94	0,01
91,96	0,01
91,99	0,01
92,01	0,01
92,03	0,01
92,06	0,01
92,08	0,01
92,11	0,01
92,13	0,01
92,16	0,01
92,18	0,01
92,20	0,01
92,23	0,01
92,25	0,01
92,28	0,01
92,30	0,01
92,33	0,01
92,35	0,01
92,38	0,01
92,40	0,01
92,42	0,01
92,45	0,01
92,47	0,01
92,50	0,01
92,52	0,01
92,55	0,01
92,57	0,01
92,60	0,01
92,62	0,01
92,64	0,01
92,67	0,01
92,69	0,01
92,72	0,01
92,74	0,01
92,77	0,01
92,79	0,01
92,82	0,01
92,84	0,01
92,86	0,01
92,89	0,01
92,91	0,01
92,94	0,01
92,96	0,01
92,99	0,01
93,01	0,01
93,04	0,01
93,06	0,01
93,08	0,01
93,11	0,01
93,13	0,01
93,16	0,01
93,18	0,01
93,21	0,01
93,23	0,01
93,25	0,01
93,28	0,01
93,30	0,01
93,33	0,01
93,35	0,01
93,38	0,01
93,40	0,01
93,43	0,01
93,45	0,01
93,47	0,01
93,50	0,01
93,52	0,01
93,55	0,01
93,57	0,01
93,60	0,01
93,62	0,01
93,65	0,01
93,67	0,01
93,69	0,01
93,72	0,01
93,74	0,01
93,77	0,01
93,79	0,01
93,82	0,01
93,84	0,01
93,87	0,01
93,89	0,01
93,91	0,01
93,94	0,01
93,96	0,01
93,99	0,01
94,01	0,01
94,04	0,01
94,06	0,01
94,09	0,01
94,11	0,01
94,13	0,01
94,16	0,01
94,18	0,01
94,21	0,01
94,23	0,01
94,26	0,01
94,28	0,01
94,31	0,01
94,33	0,01
94,35	0,01
94,38	0,01
94,40	0,01
94,43	0,01
94,45	0,01
94,48	0,01
94,50	0,01
94,52	0,01
94,55	0,01
94,57	0,01
94,60	0,01
94,62	0,01
94,65	0,01
94,67	0,01
94,70	0,01
94,72	0,01
94,74	0,01
94,77	0,01
94,79	0,01
94,82	0,01
94,84	0,01
94,87	0,01
94,89	0,01
94,92	0,01
94,94	0,01
94,96	0,01
94,99	0,01
95,01	0,01
95,04	0,01
95,06	0,01
95,09	0,01
95,11	0,01
95,14	0,01
95,16	0,01
95,18	0,01
95,21	0,01
95,23	0,01
95,26	0,01
95,28	0,01
95,31	0,01
95,33	0,01
95,36	0,01
95,38	0,01
95,40	0,01
95,43	0,01
95,45	0,01
95,48	0,01
95,50	0,01
95,53	0,01
95,55	0,01
95,57	0,01
95,60	0,01
95,62	0,01
95,65	0,01
95,67	0,01
95,70	0,01
95,72	0,01
95,75	0,01
95,77	0,01
95,79	0,01
95,82	0,01
95,84	0,01
95,87	0,01
95,89	0,01
95,92	0,01
95,94	0,01
95,97	0,01
95,99	0,01
96,01	0,01
96,04	0,01
96,06	0,01
96,09	0,01
96,11	0,01
96,14	0,01
96,16	0,01
96,19	0,01
96,21	0,01
96,23	0,01
96,26	0,01
96,28	0,01
96,31	0,01
96,33	0,01
96,36	0,01
96,38	0,01
96,41	0,01
96,43	0,01
96,45	0,01
96,48	0,01
96,50	0,01
96,53	0,01
96,55	0,01
96,58	0,01
96,60	0,01
96,62	0,01
96,65	0,01
96,67	0,01
96,70	0,01
96,72	0,01
96,75	0,01
96,77	0,01
96,80	0,01
96,82	0,01
96,84	0,01
96,87	0,01
96,89	0,01
96,92	0,01
96,94	0,01
96,97	0,01
96,99	0,01
97,02	0,01
97,04	0,01
97,06	0,01
97,09	0,01
97,11	0,01
97,14	0,01
97,16	0,01
97,19	0,01
97,21	0,01
97,24	0,01
97,26	0,01
97,28	0,01
97,31	0,01
97,33	0,01
97,36	0,01
97,38	0,01
97,41	0,01
97,43	0,01
97,46	0,01
97,48	0,01
97,50	0,01
97,53	0,01
97,55	0,01
97,58	0,01
97,60	0,01
97,63	0,01
97,65	0,01
97,68	0,01
97,70	0,01
97,72	0,01
97,75	0,01
97,77	0,01
97,80	0,01
97,82	0,01
97,85	0,01
97,87	0,01
97,89	0,01
97,92	0,01
97,94	0,01
97,97	0,01
97,99	0,01
98,02	0,01
98,04	0,01
98,07	0,01
98,09	0,01
98,11	0,01
98,14	0,01
98,16	0,01
98,19	0,01
98,21	0,01
98,24	0,01
98,26	0,01
98,29	0,01
98,31	0,01
98,33	0,01
98,36	0,01
98,38	0,01
98,41	0,01
98,43	0,01
98,46	0,01
98,48	0,01
98,51	0,01
98,53	0,01
98,55	0,01
98,58	0,01
98,60	0,01
98,63	0,01
98,65	0,01
98,68	0,01
98,70	0,01
98,73	0,01
98,75	0,01
98,77	0,01
98,80	0,01
98,82	0,01
98,85	0,01
98,87	0,01
98,90	0,01
98,92	0,01
98,94	0,01
98,97	0,01
98,99	0,01
99,02	0,01
99,04	0,01
99,07	0,01
99,09	0,01
99,12	0,01
99,14	0,01
99,16	0,01
99,19	0,01
99,21	0,01
99,24	0,01
99,26	0,01
99,29	0,01
99,31	0,01
99,34	0,01
99,36	0,01
99,38	0,01
99,41	0,01
99,43	0,01
99,46	0,01
99,48	0,01
99,51	0,01
99,53	0,01
99,56	0,01
99,58	0,01
99,60	0,01
99,63	0,01
99,65	0,01
99,68	0,01
99,70	0,01
99,73	0,01
99,75	0,00
99,78	0,00
99,80	0,00
99,82	0,00
99,85	0,00
99,87	0,00
99,90	0,00